0	2	6	396	1482	274	
0	3	60	114	107	2220	274	
2	2	82	1843	6201	396	1482	274	
2	2	303	3629	1671	97	2220	274	
2	0	305	3919	2153	274	
3	2	541	1523	3629	1671	97	2220	274	
2	2	565	3629	1671	97	2220	274	
1	2	609	2939	96	2220	274	
2	0	700	2106	3061	274	
0	2	943	396	1482	274	
0	3	1237	125	96	2220	274	
2	2	1386	3629	1671	97	2220	274	
3	0	1424	4308	2574	1763	274	
0	2	1597	396	1482	274	
0	2	1602	399	1482	274	
2	2	1675	3629	1671	97	2220	274	
3	2	1763	2366	3629	1671	97	2220	274	
2	0	1797	2578	1602	274	
2	0	1894	2761	6337	274	
2	0	1906	1594	230	274	
2	2	1923	1563	184	97	2220	274	
2	0	1937	1594	230	274	
3	0	1974	3679	4790	1923	274	
1	0	2012	3311	274	
0	2	2049	396	1482	274	
0	2	2055	396	1482	274	
0	3	2070	114	107	2220	274	
2	2	2119	3629	1671	97	2220	274	
2	2	2153	3629	1671	97	2220	274	
3	2	2248	1904	3629	1671	97	2220	274	
1	0	2282	369	274	
2	0	2408	4534	3721	274	
0	3	2543	114	107	2220	274	
2	0	2663	3544	2855	274	
1	0	2738	1974	274	
0	2	2793	396	1482	274	
0	2	2854	396	1482	274	
1	0	2855	6337	274	
1	0	2857	566	274	
1	2	2938	2939	96	2220	274	
2	0	2966	6352	2857	274	
1	2	3031	1671	97	2220	274	
2	0	3061	4534	3721	274	
0	2	3143	396	1482	274	
2	0	3257	2744	3721	274	
1	0	3300	305	274	
2	0	3311	2182	2663	274	
3	2	3377	1811	2426	1671	97	2220	274	
2	2	3388	1680	2466	334	1482	274	
2	0	3465	3705	2553	274	
3	3	3469	3337	6232	3590	114	107	2220	274	
2	2	3481	1843	6201	396	1482	274	
1	0	3591	1894	274	
2	2	3617	809	1671	97	2220	274	
2	2	3674	3629	1671	97	2220	274	
2	2	3721	4447	7744	96	2220	274	
0	2	3821	395	1482	274	
2	2	3886	2983	1671	97	2220	274	
3	0	3928	2933	3395	1923	274	
1	0	3962	3300	274	
2	2	4072	4802	1671	97	2220	274	
3	2	4135	4862	2001	1671	97	2220	274	
0	2	4988	396	1482	274	
1	2	5364	6530	96	2220	274	
1	2	5470	3524	395	1482	274	
2	0	5846	1419	3928	274	
1	0	6104	1129	274	
0	2	6245	396	1482	274	
1	0	6337	2855	274	
1	0	6375	956	274	
1	0	6449	2738	274	
2	2	6559	5718	2765	97	2220	274	
2	0	6712	2050	2055	274	
2	2	6932	3629	1671	97	2220	274	
0	2	7459	96	2220	274	
0	3	7522	125	96	2220	274	
1	0	7744	2481	274	
0	2	7945	396	1482	274	
1	1	22	1460	273	275	
0	1	126	283	275	
0	3	131	263	235	1107	275	
0	3	133	247	235	1107	275	
1	0	139	2538	275	
0	1	161	277	275	
1	0	226	2738	275	
0	1	303	278	275	
3	3	308	3611	809	2266	258	235	1107	275	
0	3	313	239	1457	1107	275	
0	3	514	966	235	1107	275	
1	0	541	6805	275	
0	2	558	264	1107	275	
1	1	604	1671	271	275	
0	1	609	279	275	
3	3	938	7266	3629	3257	236	1457	1107	275	
1	0	943	2081	275	
1	0	966	4552	275	
0	1	1386	283	275	
0	3	1457	263	235	1107	275	
2	2	1459	3629	1671	260	1107	275	
0	3	1490	258	235	1107	275	
0	3	1492	257	1457	1107	275	
0	2	1557	260	1107	275	
2	2	1562	3629	1671	260	1107	275	
2	2	1628	3629	1671	260	1107	275	
1	0	1735	101	275	
0	3	1742	263	235	1107	275	
1	0	1749	1735	275	
0	2	1759	260	1107	275	
2	2	1791	2574	3673	259	1107	275	
0	1	1797	277	275	
1	1	1812	1671	271	275	
0	3	1862	263	235	1107	275	
0	3	1890	468	1013	284	275	
2	2	1902	3291	4320	264	1107	275	
2	2	1906	1594	1743	269	1107	275	
2	2	1948	3629	1671	260	1107	275	
1	2	2015	3309	264	1107	275	
0	3	2055	263	235	1107	275	
1	1	2116	3458	271	275	
0	3	2161	890	1457	1107	275	
0	3	2165	239	1457	1107	275	
2	1	2248	1904	1538	283	275	
0	1	2324	283	275	
1	0	2366	530	275	
1	0	2395	433	275	
0	3	2504	263	235	1107	275	
0	1	2538	278	275	
2	2	2552	1563	184	260	1107	275	
1	1	2633	1812	273	275	
1	0	2738	226	275	
2	0	2753	3118	296	275	
1	0	2766	3590	275	
0	1	2793	273	275	
0	3	2813	963	235	1107	275	
1	0	2820	2738	275	
1	0	2846	558	275	
3	3	2859	3539	3337	3227	247	235	1107	275	
3	3	2860	4899	3337	3227	247	235	1107	275	
1	1	2917	2400	273	275	
0	1	2938	279	275	
0	1	3023	273	275	
2	0	3251	2744	3258	275	
2	0	3258	2744	3251	275	
1	1	3274	6654	273	275	
2	2	3317	3629	1671	260	1107	275	
2	2	3321	4949	139	260	1107	275	
0	3	3328	961	235	1107	275	
2	0	3388	1680	2917	275	
0	1	3465	279	275	
1	0	3590	3592	275	
2	2	3592	4046	3590	269	1107	275	
2	2	3674	3629	1671	260	1107	275	
0	2	3693	260	1107	275	
1	0	3748	3749	275	
2	0	3928	2929	2409	275	
2	0	3962	3300	4906	275	
0	2	3964	264	1107	275	
1	2	3966	2143	260	1107	275	
0	2	3976	264	1107	275	
0	2	4170	260	1107	275	
1	0	4447	2395	275	
0	1	4938	276	275	
1	2	5060	3134	264	1107	275	
1	0	5656	3976	275	
0	3	5681	1015	1013	284	275	
0	1	5830	1108	275	
1	0	6104	308	275	
2	2	6375	2855	6337	259	1107	275	
1	1	6406	3469	279	275	
0	1	6465	273	275	
0	3	6481	255	235	1107	275	
1	0	6559	6406	275	
0	1	6629	276	275	
2	2	6657	3629	1671	260	1107	275	
0	3	6710	966	235	1107	275	
0	2	6756	264	1107	275	
2	0	6799	2332	3274	275	
1	0	6805	541	275	
0	2	6921	264	1107	275	
2	2	7017	3725	7417	264	1107	275	
0	1	7148	273	275	
0	2	7246	260	1107	275	
1	1	7547	100	276	275	
0	3	7581	417	235	1107	275	
1	0	7591	2846	275	
0	3	7671	255	235	1107	275	
0	1	7945	278	275	
3	3	416	1727	3629	7547	787	783	806	809	
3	3	565	3629	2241	938	787	783	806	809	
1	0	609	2939	809	
3	3	1303	3307	5718	7671	786	783	806	809	
3	3	1386	3629	2241	938	787	783	806	809	
1	0	1817	3368	809	
3	3	2285	2573	3629	7547	787	783	806	809	
2	0	2429	2917	3031	809	
2	1	2657	1812	2633	806	809	
3	3	2755	3337	2781	3465	784	1925	806	809	
3	0	2854	3118	3337	2755	809	
2	0	2855	1671	687	809	
3	3	2924	6181	3274	7547	787	783	806	809	
1	0	2938	2939	809	
3	3	2939	1709	2079	2520	709	703	806	809	
2	2	3031	4802	4072	703	806	809	
2	0	4644	3412	7069	809	
0	3	7069	700	1925	806	809	
1	0	7744	2429	809	
0	3	333	255	1445	899	900	
3	3	416	1727	3629	1515	255	1445	899	900	
2	2	565	3629	2766	898	899	900	
0	3	608	896	1445	899	900	
0	2	823	901	899	900	
3	3	943	2446	3395	6640	896	1445	899	900	
0	2	1102	898	899	900	
2	2	1906	1594	230	901	899	900	
3	2	1974	3679	2937	2419	912	899	900	
3	2	2054	7681	3061	2390	898	899	900	
0	3	2208	255	1445	899	900	
2	2	2429	2917	2317	901	899	900	
1	3	2553	3705	938	2337	899	900	
2	1	2855	1671	1812	899	900	
2	2	2885	3629	2766	898	899	900	
2	2	2924	6181	6337	901	899	900	
2	2	2939	3629	2766	898	899	900	
0	2	3368	901	899	900	
2	0	3621	3590	2855	900	
2	2	3674	3629	2766	898	899	900	
0	3	3746	896	1445	899	900	
1	0	3886	6406	900	
2	2	4915	2238	3886	898	899	900	
1	0	6406	3886	900	
2	0	6449	2738	1974	900	
0	3	7246	255	1445	899	900	
0	2	7570	904	899	900	
0	3	7671	255	1445	899	900	
1	1	2766	3590	789	1006	
2	2	2941	5133	220	1062	1088	1089	
2	3	565	3629	1529	1132	2161	141	1139	
3	3	609	2939	3629	1529	1132	2161	141	1139	
3	0	797	2692	3337	3338	1139	
3	0	1906	1594	1676	3338	1139	
3	3	2285	2573	3629	1529	1132	2161	141	1139	
3	1	2542	5254	6007	6375	1138	1139	
1	1	2855	6375	1138	1139	
3	3	2938	2420	3629	1529	1132	2161	141	1139	
3	3	4915	7814	2017	1529	1132	2161	141	1139	
3	2	5846	5842	1888	5011	1137	141	1139	
3	3	64	1591	3629	1529	1132	2161	1627	1140	
3	0	82	2930	3118	296	1140	
2	0	184	5274	1671	1140	
2	0	305	3919	2153	1140	
3	0	333	2634	2764	6161	1140	
3	3	609	2939	3629	1529	1132	2161	1627	1140	
3	3	944	2721	3629	1529	1132	2161	1627	1140	
1	0	1671	3473	1140	
1	0	1974	3679	1140	
2	0	2116	3886	6406	1140	
1	0	2153	3621	1140	
3	0	2208	2634	2764	6161	1140	
3	3	2938	2420	3629	1529	1132	2161	1627	1140	
3	3	3388	1680	3629	1529	1132	2161	1627	1140	
3	0	3473	3476	1812	1671	1140	
2	0	3590	1563	184	1140	
1	0	3621	3590	1140	
3	0	3679	2937	4802	1671	1140	
2	0	6406	2983	1671	1140	
3	0	6799	2332	3274	3590	1140	
3	0	7467	1606	2426	1671	1140	
0	3	7650	1256	1137	1627	1140	
3	3	308	3611	809	3617	135	2161	1627	1141	
