0	1	1675	100	47	
2	0	715	3151	6640	49	
2	0	6640	2317	715	49	
0	3	530	319	207	1124	157	
1	1	2766	3590	1147	157	
0	3	3966	319	207	1124	157	
3	3	416	1727	1904	1538	150	1286	2276	160	
3	3	1763	2366	3601	2143	150	1286	2276	160	
2	3	2429	2917	7770	150	1286	2276	160	
1	0	1763	2366	161	
0	2	2092	212	127	161	
1	0	2366	530	161	
3	2	2538	4490	3629	1515	126	127	161	
2	2	2766	3629	1515	126	127	161	
0	1	3274	218	161	
2	1	3886	2983	2133	127	161	
1	0	6515	2366	161	
0	1	481	187	201	
0	1	1511	200	201	
0	1	2538	187	201	
0	1	2617	187	201	
0	1	3516	200	201	
0	1	4177	187	201	
0	1	481	264	266	
0	1	2083	264	266	
1	0	2367	3547	266	
1	1	2617	6337	259	266	
1	1	2738	6375	260	266	
0	1	2820	264	266	
0	1	3547	270	266	
0	2	184	260	1107	271	
1	0	1331	1934	271	
1	1	1671	5830	1108	271	
2	2	3458	3307	793	260	1107	271	
0	1	1331	271	272	
2	2	1763	2366	1317	322	329	339	
1	0	3343	804	357	
2	2	3317	3629	1515	495	1543	498	
3	1	481	2261	3590	6337	518	520	
3	3	1331	3580	3629	1515	544	1476	522	520	
1	1	2617	6337	518	520	
3	3	416	1727	3629	3590	558	576	585	587	
2	2	2429	2917	3031	578	586	587	
2	2	3547	2695	5522	701	1924	751	
0	1	6449	778	751	
1	0	1331	1934	837	
0	1	1934	838	837	
0	1	1331	837	838	
0	1	1934	837	838	
2	1	1740	3629	2766	889	888	
0	1	1763	993	982	
0	1	3591	987	982	
0	3	2055	993	989	2241	985	
0	1	2055	985	986	
2	2	2766	3629	1515	970	971	986	
0	1	3139	984	986	
2	1	3886	5718	3139	984	986	
1	2	3966	2143	997	981	986	
0	1	6515	984	986	
0	1	3591	982	987	
2	1	6515	7528	1763	993	995	
