2	2	3623	1533	2715	114	1481	48	
2	2	2820	3584	3547	299	1483	50	
0	1	42	692	701	
0	3	566	781	1924	700	701	
1	0	766	1782	701	
0	1	1508	692	701	
1	0	1782	3260	701	
3	2	2520	1852	3629	1515	697	700	701	
1	0	2633	2857	701	
2	2	2664	3629	1515	697	700	701	
2	2	2854	3118	2272	702	700	701	
1	0	2857	566	701	
1	0	3260	1782	701	
0	2	3610	702	700	701	
3	2	3683	1852	3629	1515	697	700	701	
0	1	6449	692	701	
1	0	6728	2685	701	
1	0	6846	1086	701	
1	1	2633	2855	809	806	
2	3	2843	6728	2685	701	556	1925	806	
0	2	3623	700	1925	806	
