2	1	195	2988	6337	259	269	
0	1	511	258	269	
0	3	691	283	1107	235	269	
3	2	944	2721	3629	1515	255	235	269	
1	0	1743	3590	269	
2	2	2071	5718	2765	247	235	269	
1	0	3050	3590	269	
3	2	3418	917	1741	1735	255	235	269	
1	1	3590	3592	258	269	
3	2	3679	5411	1768	2466	255	235	269	
2	2	3714	3099	7547	966	235	269	
0	1	4161	258	269	
0	2	4591	247	235	269	
1	1	5060	3134	264	269	
0	2	5776	247	235	269	
2	2	1607	1606	4161	258	235	270	
1	0	2367	3547	270	
2	2	3547	3629	1515	255	235	270	
0	2	35	1057	1055	1056	
2	0	62	2264	511	1056	
0	2	77	1057	1055	1056	
0	2	132	1057	1055	1056	
0	2	133	1057	1055	1056	
0	2	202	1049	1055	1056	
0	2	308	1057	1055	1056	
0	2	511	1057	1055	1056	
0	2	609	1057	1055	1056	
0	2	622	1057	1055	1056	
0	2	659	1057	1055	1056	
0	2	672	1057	1055	1056	
0	2	691	1057	1055	1056	
1	0	797	2692	1056	
0	2	848	1057	1055	1056	
1	0	907	3590	1056	
0	2	944	1057	1055	1056	
0	2	950	1057	1055	1056	
0	2	1129	1057	1055	1056	
1	0	1497	2692	1056	
1	0	1538	62	1056	
0	2	1544	1057	1055	1056	
2	2	1740	3629	3590	1049	1055	1056	
1	0	1743	2692	1056	
2	2	1749	1734	3590	1049	1055	1056	
1	0	1812	3590	1056	
2	2	2071	5718	1937	531	1055	1056	
2	2	2080	3629	3590	1049	1055	1056	
0	2	2161	1057	1055	1056	
1	0	2317	1497	1056	
2	2	2344	3629	3590	1049	1055	1056	
0	2	2367	1057	1055	1056	
3	2	2380	917	2001	2793	532	1055	1056	
2	0	2479	7775	2317	1056	
2	2	2602	3629	3590	1049	1055	1056	
0	2	2624	1057	1055	1056	
0	2	2628	1057	1055	1056	
0	2	2658	1057	1055	1056	
1	0	2692	1743	1056	
2	2	2938	2420	1673	1057	1055	1056	
1	0	3015	3590	1056	
1	0	3050	3590	1056	
0	2	3164	1057	1055	1056	
2	2	3227	7686	2924	531	1055	1056	
3	1	3338	2151	3919	305	1058	1056	
0	2	3390	1057	1055	1056	
0	2	3418	1057	1055	1056	
0	2	3481	1057	1055	1056	
1	1	3590	3591	1045	1056	
1	0	3600	5060	1056	
0	2	3679	1057	1055	1056	
0	2	3714	1057	1055	1056	
0	2	3829	1057	1055	1056	
0	2	4161	1057	1055	1056	
1	0	4529	2317	1056	
0	2	4591	1057	1055	1056	
0	2	4667	1057	1055	1056	
0	2	4728	1057	1055	1056	
0	2	4939	1057	1055	1056	
1	0	5060	3600	1056	
0	2	5776	1057	1055	1056	
1	0	6104	308	1056	
2	0	6165	2869	4161	1056	
0	2	6293	1057	1055	1056	
1	2	6629	6640	532	1055	1056	
2	2	6932	3629	3590	1049	1055	1056	
2	0	6961	1777	1812	1056	
0	2	7468	1049	1055	1056	
0	2	7650	1057	1055	1056	
0	2	7789	1057	1055	1056	
1	1	9	2067	294	1057	
0	2	35	1056	1045	1057	
0	2	62	1056	1045	1057	
0	2	77	1056	1045	1057	
3	2	100	3350	1510	4755	542	294	1057	
0	2	132	1056	1045	1057	
0	2	133	1056	1045	1057	
0	2	202	1056	1045	1057	
0	2	308	1056	1045	1057	
2	0	413	2354	2420	1057	
2	1	418	3629	1515	294	1057	
0	2	511	1056	1045	1057	
0	2	609	1056	1045	1057	
0	2	622	1056	1045	1057	
0	2	659	1056	1045	1057	
0	2	672	1056	1045	1057	
0	2	691	1056	1045	1057	
0	2	848	1056	1045	1057	
1	0	907	3590	1057	
0	2	944	1056	1045	1057	
0	2	950	1056	1045	1057	
0	2	1129	1056	1045	1057	
2	2	1449	5718	4755	542	294	1057	
1	0	1497	3590	1057	
0	1	1515	294	1057	
1	0	1538	62	1057	
0	2	1544	1056	1045	1057	
2	2	1607	1606	4161	1056	1045	1057	
1	0	1673	2420	1057	
2	1	1740	3629	1515	294	1057	
1	0	1743	3590	1057	
2	1	1749	3629	1515	294	1057	
1	0	1812	3590	1057	
2	2	2071	5718	4755	542	294	1057	
2	1	2080	3629	1515	294	1057	
0	2	2161	1056	1045	1057	
1	0	2317	1497	1057	
2	1	2344	3629	1515	294	1057	
0	1	2367	1041	1057	
1	0	2420	1673	1057	
2	1	2466	3629	1515	294	1057	
2	2	2479	7775	2317	1056	1045	1057	
2	1	2602	3629	1515	294	1057	
0	2	2624	1056	1045	1057	
0	2	2628	1056	1045	1057	
0	2	2658	1056	1045	1057	
1	0	2938	2420	1057	
1	0	3015	3590	1057	
3	1	3019	3412	3629	1515	294	1057	
1	0	3050	3590	1057	
2	2	3143	4855	3590	1056	1045	1057	
0	2	3164	1056	1045	1057	
2	1	3227	7686	2617	294	1057	
0	2	3390	1056	1045	1057	
0	2	3418	1056	1045	1057	
0	2	3481	1056	1045	1057	
2	1	3529	2735	1515	294	1057	
1	1	3590	3591	1040	1057	
1	0	3600	5060	1057	
0	2	3679	1056	1045	1057	
0	2	3714	1056	1045	1057	
0	2	3829	1056	1045	1057	
0	2	4161	1056	1045	1057	
1	0	4529	2317	1057	
0	2	4591	1056	1045	1057	
0	2	4667	1056	1045	1057	
0	2	4728	1056	1045	1057	
0	2	4939	1056	1045	1057	
1	0	5060	3600	1057	
0	2	5776	1056	1045	1057	
1	0	6104	308	1057	
2	2	6165	2869	4161	1056	1045	1057	
0	2	6293	1056	1045	1057	
1	2	6629	6640	532	1039	1057	
2	2	6961	1777	1812	1056	1045	1057	
0	2	7468	1056	1045	1057	
0	2	7650	1056	1045	1057	
0	2	7789	1056	1045	1057	
2	2	907	3590	3592	1260	2018	1261	
3	3	4667	3042	3629	2565	1256	137	2018	1261	
3	1	6629	6640	3151	1623	1258	1261	
