0	2	2520	813	2020	17	
0	3	2751	807	810	2020	17	
3	3	64	1591	3629	1671	97	1842	1481	108	
0	1	351	112	108	
0	1	481	114	108	
0	1	947	111	108	
0	1	2055	111	108	
1	1	2243	685	111	108	
0	1	2617	114	108	
3	3	3251	2744	3629	1671	97	1842	1481	108	
0	1	3300	109	108	
0	1	3749	111	108	
0	1	3976	114	108	
0	1	4139	112	108	
1	1	4447	7744	111	108	
0	2	5053	102	1481	108	
1	0	5656	3976	108	
0	1	7465	112	108	
3	3	7467	1606	2426	1671	97	1842	1481	108	
0	1	7482	114	108	
2	2	1510	3629	3590	114	2480	109	
0	1	2248	112	109	
0	3	2338	119	1481	108	109	
0	1	3300	108	109	
0	1	5825	111	109	
0	1	7607	111	109	
2	1	100	3350	1510	109	110	
0	2	563	115	2480	110	
2	1	1673	2988	2624	112	110	
1	1	1987	2243	108	110	
2	1	4320	3629	1510	109	110	
0	3	558	117	1481	49	111	
0	1	685	112	111	
0	1	687	112	111	
0	1	947	108	111	
0	1	2055	108	111	
3	3	2748	6375	2855	1671	97	1480	49	111	
0	3	2751	102	1481	108	111	
1	0	2846	558	111	
1	1	3020	1510	109	111	
0	1	3031	112	111	
0	1	3245	114	111	
2	1	3592	4046	3590	114	111	
0	1	3749	108	111	
1	3	5364	6530	96	1480	49	111	
0	1	5825	109	111	
1	1	6449	2738	112	111	
2	1	6712	2050	2055	108	111	
1	0	7591	2846	111	
0	1	7607	109	111	
0	1	7744	114	111	
2	1	303	3629	1510	109	112	
0	1	351	108	112	
0	1	685	111	112	
0	1	687	111	112	
0	3	791	740	120	49	112	
0	1	878	114	112	
0	3	1490	118	1481	49	112	
2	1	1858	3350	1510	109	112	
0	3	2049	99	405	49	112	
0	1	2055	108	112	
0	1	2070	114	112	
0	1	2243	108	112	
0	1	2248	109	112	
1	1	2467	2055	108	112	
2	1	2738	2228	2243	108	112	
2	2	2854	3118	2272	405	49	112	
3	3	2859	3539	3337	2755	119	1481	49	112	
2	1	2924	6181	3245	111	112	
1	1	3020	1510	109	112	
2	1	3022	1671	687	111	112	
0	1	3031	111	112	
0	1	3300	108	112	
0	3	3489	119	1481	49	112	
0	1	3529	114	112	
0	1	3750	114	112	
0	1	4139	108	112	
0	1	4177	114	112	
0	1	7454	114	112	
0	1	7465	108	112	
2	1	7770	2917	3031	111	112	
2	0	7945	6995	2139	112	
0	1	2741	114	113	
0	3	60	274	98	107	114	
0	1	62	116	114	
0	1	155	116	114	
1	0	222	3284	114	
0	2	481	108	109	114	
2	0	488	2864	2630	114	
0	2	685	111	113	114	
0	2	878	112	113	114	
0	2	947	108	109	114	
0	1	1242	116	114	
1	0	1538	62	114	
0	1	1590	116	114	
0	1	1626	116	114	
0	1	1776	116	114	
2	1	1902	3291	4320	110	114	
0	2	2070	112	113	114	
2	1	2083	3629	1510	109	114	
2	3	2099	3705	2553	274	98	107	114	
0	1	2467	116	114	
0	3	2543	274	98	107	114	
0	2	2617	108	109	114	
2	0	2630	2864	488	114	
2	1	2664	3629	1510	109	114	
3	2	2715	2768	6206	2846	111	113	114	
0	1	2741	113	114	
1	1	3020	1510	109	114	
0	2	3245	111	113	114	
2	2	3246	3395	6640	49	113	114	
3	3	3284	917	2001	1671	97	2220	107	114	
0	2	3529	112	113	114	
1	1	3590	3591	107	114	
2	0	3641	2245	3590	114	
1	2	3748	3749	108	109	114	
0	2	3750	112	113	114	
2	0	3964	2900	1902	114	
0	2	3976	108	109	114	
0	2	4139	108	109	114	
0	1	4177	115	114	
0	1	4266	115	114	
1	0	4447	7744	114	
1	1	4755	1510	109	114	
1	0	5656	3976	114	
0	1	5825	109	114	
0	1	6176	116	114	
2	2	6997	7662	4177	112	113	114	
0	2	7454	112	113	114	
0	2	7465	108	109	114	
0	2	7482	108	109	114	
0	1	7607	109	114	
2	2	7744	2334	2243	108	109	114	
0	1	222	114	115	
0	2	563	110	114	115	
3	3	943	2446	3395	6640	49	113	114	115	
2	2	3674	3629	1510	109	114	115	
0	1	4177	114	115	
0	1	4266	114	115	
2	2	4320	3629	1510	109	114	115	
0	1	62	114	116	
0	1	155	114	116	
0	1	1242	114	116	
1	1	1538	62	114	116	
0	1	1590	114	116	
0	1	1626	114	116	
0	1	1776	114	116	
0	2	1987	110	114	116	
0	1	2467	114	116	
0	1	4177	114	116	
0	1	4755	114	116	
0	1	6176	114	116	
3	3	62	1591	3629	1671	97	1480	49	117	
3	3	222	3284	917	2421	99	405	49	117	
0	1	488	118	117	
0	2	558	111	49	117	
1	0	1538	62	117	
0	1	2630	118	117	
1	0	2846	558	117	
0	3	4266	114	2480	49	117	
1	0	7591	2846	117	
0	1	488	117	118	
0	3	1490	112	49	48	118	
0	3	2543	114	1481	48	118	
0	1	2630	117	118	
3	3	2925	3371	2983	1671	102	1481	48	118	
1	1	3300	305	119	118	
3	1	3311	2182	3544	2855	119	118	
0	1	3750	119	118	
0	3	4177	112	49	48	118	
0	3	5825	109	1481	48	118	
0	3	7607	109	1481	48	118	
3	3	195	2988	3629	1671	102	1481	48	119	
2	0	305	3919	2153	119	
2	3	565	3629	1671	102	1481	48	119	
2	3	566	1883	5053	102	1481	48	119	
3	3	1894	2761	1812	1671	102	1481	48	119	
2	2	1923	3395	6640	49	48	119	
0	3	2070	112	49	48	119	
1	0	2153	3621	119	
0	3	2338	109	1481	48	119	
2	3	2657	1812	1671	102	1481	48	119	
3	3	2755	3337	6232	3590	114	1481	48	119	
0	3	2854	112	49	48	119	
2	1	2855	3544	3311	118	119	
1	0	2857	566	119	
0	3	3489	112	49	48	119	
2	0	3621	3590	2855	119	
0	3	3749	108	49	48	119	
0	1	3750	118	119	
3	3	4915	2238	2983	1671	102	1481	48	119	
1	0	6406	4915	119	
0	3	7570	123	1481	48	119	
3	3	7744	2334	2243	155	102	1481	48	119	
0	3	3749	108	1481	120	121	
0	1	7744	96	122	
0	3	7570	119	1481	405	123	
0	3	1237	274	98	405	125	
2	1	2331	3629	1671	97	125	
2	2	2522	6995	2080	43	405	125	
1	2	2791	1897	42	405	125	
2	2	3300	3307	793	99	405	125	
1	0	3343	804	125	
0	3	7522	274	98	405	125	
3	0	938	7266	3629	1515	126	
0	1	943	212	126	
1	1	1515	4135	212	126	
2	1	3340	2332	3274	161	126	
0	1	3674	212	126	
3	0	5053	1500	3629	1515	126	
2	0	7547	6763	938	126	
3	1	481	2261	1563	1923	212	127	
2	1	2617	3712	1515	126	127	
2	1	3251	2744	3721	212	127	
1	0	3949	2950	127	
0	3	295	134	1127	128	129	
1	0	822	3363	129	
2	0	1743	2615	2738	129	
1	0	1821	3891	129	
3	1	2520	1852	3629	1529	1131	129	
3	2	2543	5254	6007	6375	1128	128	129	
1	0	2738	2820	129	
1	0	2820	2738	129	
1	0	3169	6050	129	
2	0	3363	2834	2820	129	
3	0	3529	3304	2773	2738	129	
3	0	3623	7573	809	3323	129	
1	0	3657	2718	129	
3	1	3683	1852	3629	1529	1131	129	
1	0	3891	1821	129	
0	3	5461	1240	1127	128	129	
1	0	6050	3169	129	
1	0	6449	2738	129	
2	0	6997	3619	132	129	
1	0	7482	1821	129	
0	3	7723	134	1127	128	129	
1	1	2820	2738	129	130	
0	1	3143	131	130	
0	1	3143	130	131	
0	1	1239	133	132	
0	1	3143	130	132	
0	1	3915	133	132	
0	1	1239	132	133	
0	1	3143	130	133	
0	1	3915	132	133	
2	1	6406	2238	878	129	133	
0	3	295	129	1127	1128	134	
2	0	1445	1922	2818	134	
2	2	1948	3629	2565	1256	1484	134	
3	3	2818	1922	4167	1671	1140	1256	1484	134	
2	2	3340	2332	3274	1256	1484	134	
1	0	3343	804	134	
0	3	7723	129	1127	1128	134	
0	1	3617	136	135	
0	1	3617	135	136	
0	2	1936	138	2017	137	
0	2	3465	140	2017	137	
0	2	3489	140	2017	137	
0	2	3617	135	1256	137	
0	2	1936	137	140	138	
0	1	2012	139	138	
0	1	2012	138	139	
0	1	3465	137	140	
0	1	3489	137	140	
0	3	3465	137	1256	1137	141	
0	1	3465	141	142	
2	3	3674	3629	1529	1132	2161	141	143	
2	2	2012	6515	2366	166	1798	144	
3	3	1817	3629	2574	1763	161	155	2322	145	
2	2	1817	3629	1515	126	1698	146	
2	1	1817	3629	3590	149	147	
2	1	3465	6232	3590	149	147	
2	1	1948	3629	3590	149	148	
0	3	2338	156	1722	147	148	
2	1	3340	2332	3274	149	148	
0	3	163	175	2544	1901	176	
0	1	566	169	176	
0	1	1597	169	176	
0	3	1792	175	2544	1901	176	
1	1	2633	2857	169	176	
0	2	2854	177	1487	176	
1	1	2857	566	169	176	
0	3	3323	175	2544	1901	176	
0	3	3364	175	2544	1901	176	
0	3	4018	175	2544	1901	176	
0	3	5013	175	2544	1901	176	
0	1	5461	169	176	
2	2	6449	2738	2820	174	1155	176	
0	2	2854	176	1155	177	
0	1	155	187	199	
0	1	1776	187	199	
0	1	2083	187	199	
0	1	3641	187	199	
2	3	2040	3629	1529	1132	2161	141	217	
1	0	2846	558	252	
1	0	7591	2846	252	
3	0	2748	6375	3721	7504	253	
3	0	6799	2332	3274	1903	253	
0	2	3592	241	246	254	
3	3	64	1591	3629	3257	236	1457	1107	276	
3	2	100	3350	1510	4755	264	1107	276	
1	1	1673	2988	273	276	
0	1	4938	275	276	
0	1	5053	278	276	
0	1	6629	275	276	
2	2	7467	1606	4161	269	1107	276	
0	2	481	257	236	280	
2	2	907	3590	6337	257	236	280	
2	1	1510	3629	3257	236	280	
2	1	2083	3629	3257	236	280	
0	2	2522	257	236	280	
2	0	2535	5859	5076	280	
2	2	2617	3307	793	257	236	280	
2	1	2679	3629	3257	236	280	
1	2	2791	1897	257	236	280	
2	2	3245	6181	3274	257	236	280	
3	1	3641	2964	3629	3257	236	280	
2	1	4163	3629	3257	236	280	
2	1	4923	3629	3257	236	280	
3	1	7035	1749	3629	3257	236	280	
2	1	3251	2744	3257	340	333	
0	1	943	341	338	
2	1	1948	3629	1671	216	338	
2	2	2538	3634	44	320	317	338	
0	1	3674	341	338	
2	1	1867	1671	3473	355	358	
2	2	2664	3629	1515	365	2160	370	
3	2	3251	2744	3629	1515	365	2160	370	
0	1	4923	381	377	
0	1	6654	380	377	
0	1	7441	381	377	
2	2	4163	3629	1515	365	362	380	
0	1	6654	377	380	
0	2	101	1254	362	381	
2	2	3245	6181	3274	1255	362	381	
0	1	4923	377	381	
0	1	6654	377	381	
0	1	6921	383	381	
2	1	7035	1749	1735	378	381	
0	1	7441	377	381	
0	1	2338	386	382	
1	0	3343	804	382	
2	1	2083	3073	1735	378	383	
3	3	2522	1766	3629	1515	365	362	382	383	
3	0	2715	2768	6164	3958	383	
2	2	2791	1897	1674	362	381	383	
2	2	4855	3590	2855	362	381	383	
0	1	4923	381	383	
0	1	6921	381	383	
2	1	2679	2322	1735	378	384	
2	1	4923	3629	3590	957	385	
3	1	1858	3426	3629	2565	391	388	
3	1	3617	809	3725	2704	391	390	
3	2	481	2261	3590	3592	286	247	417	
2	2	1459	3629	1515	255	247	417	
0	1	2083	419	417	
1	0	2189	7417	417	
3	1	2614	3078	3395	3912	247	417	
2	1	2617	7814	3886	247	417	
2	2	3348	3629	1515	255	247	417	
2	2	3938	2190	2189	255	247	417	
1	0	3949	2083	417	
1	0	4163	4139	417	
1	0	4993	7465	417	
3	1	6928	4862	3337	3227	247	417	
1	1	7035	1749	247	417	
2	1	7647	1888	6785	247	417	
2	0	1987	2243	685	437	
3	0	2367	3547	1500	5053	437	
0	1	2793	439	437	
2	1	3020	3725	2791	438	437	
2	0	3031	1671	687	437	
3	1	3143	4855	3590	3591	222	437	
3	1	3674	3629	3590	3591	222	437	
3	1	4320	3629	3590	3591	222	437	
3	0	7744	2334	2243	685	437	
2	1	3251	2744	3257	340	440	
3	3	3641	2964	4812	278	216	2581	341	440	
2	3	6494	2243	1457	216	2581	341	440	
3	2	2248	1904	3629	1515	340	440	442	
1	0	2846	558	442	
2	0	3031	1671	687	442	
3	3	3592	4046	2761	1812	360	340	441	442	
0	3	6712	360	340	441	442	
1	0	7591	2846	442	
2	1	7744	3619	132	443	442	
1	0	3949	2950	445	
2	2	4320	3629	1515	340	440	446	
3	1	1858	3426	3629	6657	460	459	
2	0	100	3350	1510	461	
3	1	351	1812	1671	3473	456	461	
3	1	943	2446	3395	6640	467	461	
2	1	1510	3629	3257	464	461	
3	1	1673	2988	6337	3473	456	461	
1	0	2243	614	461	
1	0	3020	1510	461	
2	0	3674	3629	1510	461	
3	0	7035	1749	3629	1510	461	
3	3	4855	3590	6151	1675	473	874	1944	476	
1	0	2846	558	496	
1	0	7591	2846	496	
3	2	2522	1766	3629	1515	495	1543	497	
0	2	2854	495	1543	497	
2	0	305	3919	2153	503	
2	1	565	3629	1529	494	503	
3	1	1894	2761	2894	1529	494	503	
1	0	1923	6344	503	
1	0	2153	3621	503	
2	1	2855	1671	5830	494	503	
0	1	3489	504	503	
2	0	3621	3590	2855	503	
3	0	5846	2865	2572	3931	503	
1	0	6344	1923	503	
0	1	7744	494	503	
2	0	488	2864	2630	523	
2	0	2630	2864	488	523	
2	1	1718	3629	1515	546	550	
2	2	1718	3629	1515	544	1476	551	
3	0	2715	2768	6164	3958	552	
0	1	3251	553	552	
2	2	351	1812	2633	698	1499	553	
3	0	938	7266	3629	7547	553	
3	1	1902	3611	809	2715	552	553	
2	0	2040	3629	7547	553	
2	0	2243	2334	7547	553	
0	1	3251	552	553	
3	0	3641	2964	3629	7547	553	
2	0	7547	6763	938	553	
2	1	3251	6234	3317	662	555	
0	1	3300	224	568	
0	1	481	578	577	
0	2	2248	590	576	577	
0	2	2520	571	576	577	
2	0	2535	5859	5076	577	
0	1	2617	578	577	
1	0	2738	3611	577	
1	0	2846	558	577	
2	2	3020	2599	514	566	576	577	
2	2	3592	4046	3590	558	576	577	
2	3	3611	809	2715	552	563	576	577	
0	1	3750	578	577	
0	3	4177	594	561	576	577	
3	3	7035	1749	1720	938	553	563	576	577	
1	0	7591	2846	577	
0	3	2070	578	569	563	590	
2	2	2248	1904	1538	559	561	590	
3	3	2542	5254	6007	6375	664	606	563	590	
0	2	6344	224	561	590	
0	2	7671	604	563	590	
2	2	3031	2189	1902	553	1525	592	
1	1	5736	2424	599	598	
0	3	878	603	596	593	599	
2	2	2118	3274	7467	672	593	599	
0	3	2718	601	596	593	599	
0	3	2859	603	596	593	599	
3	3	3529	1799	1616	2243	553	552	593	599	
0	3	3610	701	1499	593	599	
0	3	3662	601	596	593	599	
0	3	5011	601	596	593	599	
0	1	5736	598	599	
1	0	6659	2718	599	
2	2	1948	3629	7547	553	610	616	
0	1	3465	610	616	
1	1	2718	1561	640	621	
0	1	2859	623	622	
2	1	2083	3629	2118	640	642	
2	1	2679	3629	2118	640	642	
2	1	3348	3629	2118	640	642	
2	1	4923	3629	2118	640	642	
0	1	2818	650	651	
1	0	3343	804	651	
2	2	2083	3629	2118	640	613	671	
2	0	3031	1671	687	674	
3	1	1673	2988	2736	942	676	679	
3	2	943	2446	3395	1674	769	2364	690	
2	2	3674	3629	1735	702	2364	690	
3	2	3964	2900	7547	6942	701	689	690	
1	0	3300	4906	694	
3	1	7744	2429	2917	3031	164	694	
0	1	2522	742	737	
0	1	2538	743	737	
3	1	3674	3629	3733	3377	734	737	
3	1	5571	4941	3138	1812	743	737	
2	1	791	3517	4135	741	740	
0	1	807	405	740	
0	3	1626	114	1481	405	740	
2	1	1858	3350	3348	405	740	
1	2	2791	1897	42	405	740	
0	3	2793	274	98	405	740	
0	1	3348	405	740	
3	3	2748	6375	2855	1671	781	750	751	756	
3	3	7744	2334	7547	6942	701	1924	751	756	
1	1	351	1812	780	782	
1	1	2243	1710	780	782	
3	3	2925	3371	2983	2633	701	1924	778	782	
2	1	3617	809	2678	778	782	
2	2	4320	3629	3258	772	778	782	
2	2	4923	3629	3258	772	778	782	
3	3	5053	1500	2695	5522	701	1924	778	782	
0	1	6449	778	782	
2	1	2791	1897	3072	792	793	
2	1	2367	3547	2366	788	794	
2	0	488	2864	2630	801	
2	1	1948	3629	1671	788	801	
2	0	2630	2864	488	801	
2	1	2664	3629	1671	788	801	
1	1	4447	2395	796	801	
1	1	6997	2429	800	801	
0	3	687	861	836	837	854	
2	1	3031	7162	3721	852	854	
0	2	3592	860	837	854	
3	2	481	2261	3590	3592	854	856	860	
3	2	1673	2988	2736	942	839	856	860	
3	2	2083	3629	2574	3673	839	856	860	
2	2	2617	3307	2575	851	856	860	
0	2	3592	854	856	860	
3	2	3641	2245	3590	3592	854	856	860	
3	3	64	1591	1575	1389	476	878	862	865	
0	2	2055	473	862	865	
0	2	2248	866	862	865	
2	2	3617	809	2214	475	862	865	
0	2	3976	473	862	865	
1	0	5656	3976	865	
0	2	5825	866	862	865	
2	1	7467	1606	4161	864	865	
0	2	7607	866	862	865	
2	1	2248	1904	1538	867	866	
3	1	3617	809	1671	687	861	866	
1	1	3143	4855	476	876	
1	0	766	1782	882	
1	0	1782	3260	882	
1	0	3169	6050	882	
1	0	3260	1782	882	
1	0	3657	2718	882	
3	1	3683	1852	3629	1671	884	882	
1	0	6050	3169	882	
0	1	6997	886	882	
0	2	7482	385	2321	882	
3	3	6344	1923	3395	6640	896	1445	898	904	
0	1	7570	900	904	
2	1	1718	3629	2766	898	910	
2	1	1948	3629	2766	898	910	
0	1	2545	893	910	
0	3	2324	255	1445	916	925	
0	2	7035	929	916	925	
1	3	2099	3705	938	916	927	929	
0	2	2467	916	927	929	
0	2	2522	919	927	929	
2	2	2820	3629	1529	916	927	929	
1	2	3020	1508	917	927	929	
2	2	3245	6181	6337	919	927	929	
2	1	3300	3307	3590	928	929	
1	0	3343	804	929	
2	2	3529	3304	2988	916	927	929	
2	2	3611	809	2741	925	927	929	
2	2	3674	3629	1529	916	927	929	
0	2	3749	924	927	929	
0	3	4177	936	916	927	929	
2	0	4644	3412	7069	929	
2	1	7017	3725	3323	927	929	
0	2	7035	925	927	929	
0	3	3964	255	1445	937	939	
2	1	565	3629	1515	948	949	
1	2	2855	3590	957	1233	949	
3	3	3251	2744	3629	1515	255	247	1472	963	
2	1	4923	3629	1515	966	963	
2	0	791	3517	7017	973	
3	2	1858	3426	3629	1515	970	1009	973	
2	2	7017	3725	2434	976	980	973	
3	1	2083	3629	2574	1763	1018	1023	
3	1	3611	809	3721	6850	1018	1023	
2	1	2738	2615	4161	1061	1088	
3	0	418	3629	1768	2466	1097	
0	1	2252	1134	1136	
3	2	1858	3426	3629	1735	355	2399	1183	
2	0	488	2864	2630	1230	
0	1	2248	1231	1230	
2	0	2630	2864	488	1230	
0	1	2248	1230	1231	
3	3	3311	2182	2663	2602	163	2491	1229	1231	
3	0	2617	6337	3629	2133	1237	
3	0	3251	2744	3629	2133	1237	
1	0	3949	2950	1237	
2	0	305	3919	2153	1241	
2	0	2153	3919	305	1241	
