3	3	1513	3663	3629	1671	54	51	77	68	
2	2	1562	3629	3050	64	1824	68	
0	2	1597	79	77	68	
2	1	2285	2572	1675	77	68	
2	2	2854	3118	2753	67	1824	68	
3	3	3164	3340	2332	3274	56	51	77	68	
2	2	3317	3629	3050	64	1824	68	
0	1	3518	77	68	
0	1	3962	69	68	
1	2	4487	3705	62	1824	68	
1	1	6375	2748	69	68	
3	3	541	1523	3629	3050	64	1824	68	69	
1	0	609	2939	69	
3	3	944	5411	1768	2466	63	1824	70	69	
1	0	2395	6773	69	
1	1	2748	6375	68	69	
1	0	2938	2939	69	
2	0	2939	1709	5044	69	
3	3	3679	5411	1768	2466	63	1824	70	69	
0	1	3962	68	69	
3	2	6201	1843	2238	878	77	70	69	
3	3	7744	2322	1735	101	63	1824	70	69	
0	3	2755	52	77	72	71	
0	3	6134	79	77	68	71	
1	3	7278	6245	79	77	68	71	
1	2	3591	1894	289	72	73	
3	2	126	3118	3337	2755	219	220	232	
2	2	1735	2869	4161	150	1805	232	
2	1	2522	6995	2080	214	232	
3	2	3473	3476	1812	3590	149	214	232	
3	3	6465	2927	3395	6640	515	147	1718	232	
2	2	7779	4044	4471	213	231	232	
1	1	1742	2827	331	346	
1	0	2748	6375	346	
0	2	2791	323	329	346	
0	2	2854	317	338	346	
2	2	3317	3629	1671	216	329	346	
2	2	3547	3629	1671	216	329	346	
1	0	6375	2748	346	
0	2	6756	337	338	346	
1	1	6375	2748	346	347	
0	3	54	328	329	346	348	
2	0	303	3629	1529	348	
3	3	541	1523	3629	1671	216	329	346	348	
1	0	609	2939	348	
0	3	1511	1169	329	346	348	
2	0	1529	1823	54	348	
2	2	2395	7662	4177	329	346	348	
1	0	2938	2939	348	
2	0	2939	3629	1529	348	
0	2	3962	360	346	348	
3	3	6201	1843	3751	3753	320	2420	347	348	
3	3	7945	1766	3629	1671	216	329	346	348	
3	1	2310	2573	3629	1735	355	352	
2	0	195	2988	6337	359	
0	1	1386	319	359	
3	1	2027	2964	3629	1671	319	359	
1	1	2040	4525	319	359	
2	1	2565	3629	1671	319	359	
2	1	3688	3629	1671	319	359	
0	3	3710	1159	1348	319	359	
2	1	3886	2983	1671	319	359	
3	1	4529	2317	1497	1671	319	359	
2	1	6337	3138	1671	319	359	
2	1	6452	3584	3547	319	359	
2	2	6657	3629	1515	365	2338	371	
2	0	126	3118	2753	378	
2	0	1735	3118	2753	378	
2	2	3321	2060	3710	371	362	379	
2	3	3473	3476	1812	368	364	362	379	
2	2	195	2985	1212	410	1477	391	
1	0	541	6805	391	
1	0	966	4552	391	
3	0	2027	2964	3629	2565	391	
2	0	2040	3629	2565	391	
0	1	2522	392	391	
2	1	2565	3629	1515	392	391	
0	3	2793	402	410	1477	391	
2	0	3688	3629	2565	391	
2	1	3886	2983	3489	389	391	
3	0	4529	2317	3629	2565	391	
0	3	4552	409	410	1477	391	
0	3	5044	409	410	1477	391	
1	0	6805	541	391	
3	2	1515	2834	4041	1958	388	390	392	
0	1	2522	391	392	
2	2	3319	3629	3257	274	393	394	
3	3	1513	3663	3629	1671	97	2220	1482	395	
2	1	1562	3629	3257	274	395	
2	1	3317	3629	3257	274	395	
0	1	3821	274	395	
1	1	6337	2855	274	395	
1	1	6375	956	274	395	
0	1	6	274	396	
0	2	54	399	1482	396	
0	1	303	274	396	
0	1	943	274	396	
1	1	1529	1974	274	396	
0	1	1597	274	396	
0	1	2012	274	396	
0	1	2049	274	396	
0	1	2055	274	396	
2	1	2099	3705	2553	274	396	
2	1	2285	2572	1675	274	396	
0	1	2793	274	396	
0	1	2854	274	396	
0	1	3143	274	396	
2	1	3309	3372	2012	274	396	
0	1	3674	274	396	
1	1	3962	3300	274	396	
2	1	4915	2238	3886	274	396	
0	1	4988	274	396	
0	1	5846	274	396	
3	3	6201	1843	2238	878	114	107	1482	396	
0	1	6245	274	396	
1	1	6375	956	274	396	
1	1	6406	3469	274	396	
1	1	7278	6245	274	396	
0	1	7945	274	396	
0	2	541	274	1478	409	
1	0	609	2939	409	
1	1	2395	2229	406	409	
1	0	2938	2939	409	
2	2	2939	5221	1675	274	1478	409	
2	2	3962	3300	305	274	1478	409	
0	2	4552	274	1478	409	
0	2	5044	274	1478	409	
1	2	6375	956	274	1478	409	
1	2	7744	2481	274	1478	409	
0	1	2793	437	439	
3	1	2938	2420	1946	563	437	439	
3	1	6375	6690	7686	2924	222	439	
2	2	3547	3629	7547	553	559	561	
0	2	131	627	564	580	
0	3	1428	581	576	579	580	
3	3	1513	3663	3629	7547	553	563	579	580	
0	2	1742	627	564	580	
2	2	3317	3629	3590	558	564	580	
0	2	1428	580	576	581	
0	2	1513	580	576	581	
0	1	2049	576	581	
3	2	2854	3118	3337	3469	572	576	581	
3	2	1513	3663	3629	7547	553	1509	657	
1	0	2395	6773	657	
2	2	7744	2334	2243	553	1509	657	
2	1	3317	6234	3251	738	739	
0	1	3321	736	739	
0	1	943	760	755	
2	3	3473	3476	1812	780	750	752	755	
0	1	3674	760	755	
0	1	2522	763	761	
0	1	3317	764	761	
0	1	1511	765	762	
2	0	2317	6640	6629	762	
0	1	3328	765	762	
0	1	3473	763	762	
2	0	6629	6640	2317	762	
0	1	6864	765	762	
2	1	3258	6234	3317	773	772	
3	0	942	2736	3770	3673	773	
2	1	3317	3629	3258	772	773	
2	3	3673	2735	1515	760	750	770	773	
3	0	942	2736	3770	3673	824	
2	1	3258	6234	3317	814	824	
0	1	3317	814	824	
3	2	3673	2735	7686	2924	809	810	824	
2	0	6657	3629	3258	824	
2	2	3317	6234	3721	852	856	857	
1	0	609	2939	886	
1	0	2748	6375	886	
1	0	2938	2939	886	
2	1	2939	7547	6942	882	886	
3	1	5846	5842	1888	912	374	886	
1	0	6375	2748	886	
0	1	6997	882	886	
3	3	7744	2334	2243	807	488	385	2321	886	
2	2	2285	2572	1675	913	937	941	
1	0	966	6805	989	
0	1	3518	993	989	
2	2	3547	3629	7547	971	985	989	
3	3	5843	2322	1735	101	897	1302	990	989	
2	1	6375	3721	6850	993	989	
2	0	6449	2738	6375	989	
2	2	7744	2334	7547	971	985	989	
1	1	6657	4755	542	1039	
2	1	2012	3337	3469	41	1123	
2	1	2854	3118	296	44	1123	
0	1	2854	1163	1124	
0	1	3143	1127	1126	
0	1	2854	1240	1127	
0	1	3143	130	1127	
0	3	6134	1140	1256	1126	1127	
0	3	7278	1140	1256	1126	1127	
3	3	5843	2322	3629	1529	1132	2161	141	1138	
1	1	6375	2855	1139	1138	
2	0	6449	2738	6375	1138	
3	3	7744	2322	3629	1529	1132	2161	141	1138	
0	2	2854	1124	1156	1154	
0	1	7744	335	1155	
3	2	541	1523	3629	2766	157	2281	1156	
1	0	609	2939	1156	
1	0	2395	6773	1156	
1	0	2938	2939	1156	
2	2	2939	3629	2766	157	2281	1156	
3	2	3962	3300	3307	793	1147	2281	1156	
1	1	2395	2704	172	1157	
3	3	3962	3300	3307	793	186	178	2086	1157	
2	2	6375	3721	5571	203	2086	1157	
0	1	943	184	1158	
1	0	966	6805	1158	
0	1	3674	184	1158	
3	3	6805	541	1723	2846	187	177	183	1158	
0	2	943	167	159	1159	
2	2	3674	3629	2766	157	159	1159	
0	1	3710	359	1159	
0	2	131	1147	1488	1161	
0	2	1742	1147	1488	1161	
0	2	2049	1160	159	1161	
0	1	943	376	1162	
2	2	3143	4855	3590	1147	1488	1162	
0	1	3674	376	1162	
3	3	2755	3337	3227	6337	745	230	208	1164	
3	1	2854	3118	7814	3886	211	1164	
2	2	2939	3629	3050	64	62	1165	
0	2	6201	69	313	1165	
3	3	541	1523	3629	1671	526	530	164	1166	
0	3	2793	536	530	164	1166	
0	1	44	325	1169	
1	0	966	6805	1169	
0	1	2027	325	1169	
0	2	2793	323	324	1169	
2	2	3547	2366	1317	322	324	1169	
0	1	3317	1171	1170	
0	1	3317	1170	1171	
3	2	1513	3663	3629	1735	355	2400	1176	
3	1	6201	1843	2238	3886	1179	1176	
0	1	3317	1178	1177	
0	3	3317	1177	1176	2418	1178	
2	2	6657	3629	1735	355	1179	1181	
0	2	3473	355	1179	1182	
0	3	2049	354	1179	1181	1184	
2	1	3258	6234	3317	1188	1186	
3	1	2419	3412	3629	3258	1186	1187	
2	2	3317	3629	3258	1186	1187	1188	
2	1	6337	3629	3258	1186	1193	
0	1	3317	1188	1194	
2	0	2395	7662	6997	1207	
3	3	6449	2738	1974	3679	486	957	1467	1207	
2	0	6997	7662	2395	1207	
0	2	1511	1221	2002	1215	
0	2	1513	1221	2002	1215	
