2	1	1987	2243	614	17	33	
0	1	2751	17	33	
3	3	3284	917	2721	944	30	2296	1807	33	
2	1	6494	2243	614	17	33	
2	2	565	3629	1735	232	1805	101	
2	2	2855	2615	4161	150	1805	101	
0	1	1795	293	292	
1	0	1897	3911	292	
1	0	2119	3746	292	
2	2	2538	3536	2689	303	290	292	
3	2	2818	1922	917	2421	304	290	292	
2	2	2885	3629	3050	302	290	292	
1	0	3334	3340	292	
2	2	3340	2332	3274	302	290	292	
3	1	3516	1797	2573	3931	225	292	
0	1	5903	225	292	
2	1	6712	2050	2055	291	292	
0	1	1795	292	293	
1	0	1897	3283	374	
3	0	3283	3909	7462	1897	374	
1	1	14	4988	274	393	
0	1	54	396	399	
0	1	82	274	399	
1	1	1529	1974	274	399	
0	1	1602	274	399	
2	1	1791	2578	1602	274	399	
0	1	2367	400	399	
1	1	2522	3061	274	399	
0	1	2793	274	399	
0	1	2367	399	400	
0	1	912	416	414	
1	1	2538	2704	391	414	
1	1	3283	3909	416	414	
0	1	3609	416	414	
1	0	2538	3609	415	
3	3	3909	7462	1897	2791	454	484	485	415	
0	1	912	414	416	
0	1	2538	414	416	
0	1	3609	414	416	
1	1	3909	3283	414	416	
1	2	2538	3609	515	516	513	
0	1	3340	518	521	
0	2	416	587	576	564	
2	1	2429	2917	3031	578	564	
0	1	3518	594	564	
1	2	1897	3909	609	563	565	
0	2	514	578	564	566	
0	2	912	578	564	567	
0	2	3609	578	564	567	
1	1	1426	3519	570	579	
0	1	3465	586	585	
0	1	3465	585	586	
3	3	3283	3909	7462	1897	565	576	585	588	
2	0	700	2106	3061	612	
2	0	715	3151	6640	612	
0	2	823	614	611	612	
0	2	943	614	611	612	
3	3	3061	4534	6234	3251	552	610	616	612	
0	2	3368	614	611	612	
0	2	3674	614	611	612	
2	0	6640	2317	715	612	
1	1	2538	2704	640	613	
0	1	823	612	614	
0	1	943	612	614	
3	3	1897	3928	2929	2409	556	1499	610	614	
0	1	2538	667	614	
3	2	3340	3623	1533	2715	552	610	614	
0	1	3368	612	614	
0	3	3586	670	1499	610	614	
0	1	3674	612	614	
0	1	2538	614	615	
3	2	938	7266	3629	1529	619	643	650	
0	2	2092	620	643	650	
0	2	2818	651	1932	650	
2	2	7547	4969	3031	619	643	650	
0	3	54	774	711	1005	749	
2	0	1529	1823	54	749	
0	1	54	779	768	
0	1	1529	779	768	
0	3	2793	770	556	2045	768	
0	2	7770	702	2364	768	
0	1	416	818	817	
0	1	2429	818	817	
0	2	3340	814	826	817	
0	1	416	817	818	
0	1	2429	817	818	
0	1	271	967	966	
3	2	604	1671	3337	3227	247	1472	966	
0	1	912	967	966	
0	1	938	967	966	
0	1	1515	967	966	
1	0	1618	89	966	
1	0	1651	3609	966	
1	0	1674	1897	966	
1	0	1897	1674	966	
2	0	2331	3629	1515	966	
0	1	2338	967	966	
1	0	2538	3609	966	
1	2	2917	1459	417	1472	966	
0	1	3340	967	966	
1	0	3343	804	966	
0	1	3609	967	966	
0	1	4089	967	966	
0	1	5571	967	966	
0	1	6710	967	966	
0	1	7547	967	966	
0	1	271	966	967	
0	1	590	969	967	
0	1	912	966	967	
0	1	938	966	967	
0	1	1515	966	967	
0	1	1651	966	967	
1	0	1855	3283	967	
1	1	1897	1674	966	967	
0	1	2338	966	967	
0	1	2538	966	967	
0	1	2899	969	967	
1	0	3283	1855	967	
0	1	3340	966	967	
0	1	3609	966	967	
1	1	3909	3911	966	967	
0	1	4089	966	967	
0	1	5571	966	967	
0	1	6710	966	967	
0	1	7547	966	967	
0	1	590	967	969	
1	1	1897	1674	966	969	
0	1	2899	967	969	
1	1	3909	3911	966	969	
0	1	4089	966	969	
3	3	943	2446	3395	1674	971	985	2241	970	
0	1	1515	1010	970	
3	3	3340	2332	3274	7547	971	985	2241	970	
2	0	3674	3629	1515	970	
0	2	938	972	970	971	
1	0	1674	1897	971	
1	0	1897	1674	971	
2	0	3909	7462	1897	971	
0	2	4089	972	970	971	
0	2	6710	972	970	971	
2	0	7547	6763	938	971	
3	1	938	7266	3629	1515	970	972	
2	0	7547	6763	938	972	
3	3	1791	2573	3629	1515	255	2145	2563	1016	
0	3	912	532	1042	1053	1054	
0	3	3609	532	1042	1053	1054	
2	1	2755	3337	3227	1056	1055	
3	0	416	1727	2917	2429	1069	
3	1	2429	2393	1674	1897	1073	1069	
0	1	3518	1063	1069	
0	1	2791	1094	1093	
0	1	2791	1093	1094	
