2	2	2755	3337	3227	85	82	84	
2	0	633	3222	3227	85	
0	3	848	449	451	548	85	
0	1	1212	546	85	
3	1	2027	2964	4812	1763	80	85	
2	0	2344	3634	44	85	
2	1	2419	3412	4644	80	85	
0	1	2520	548	85	
3	1	2522	3061	2390	1615	309	85	
2	1	2602	3629	1515	546	85	
2	0	2939	5221	2988	85	
2	0	2988	6337	3473	85	
2	0	3227	6337	3473	85	
1	1	3274	4755	546	85	
3	0	3388	1680	2079	2520	85	
2	0	3418	381	2988	85	
0	1	3473	547	85	
0	1	3652	546	85	
3	1	3705	3228	917	2421	309	85	
3	1	5776	2524	3919	305	80	85	
3	1	6449	2738	3629	1515	546	85	
3	0	6961	1777	6181	3274	85	
0	2	64	51	296	86	
0	1	303	673	86	
2	2	416	1727	1671	54	296	86	
0	3	865	75	51	296	86	
2	1	1675	5951	1923	18	86	
2	1	1906	1594	230	18	86	
2	2	2429	1669	1671	54	296	86	
1	1	2467	2055	18	86	
3	1	2614	3078	3395	1923	18	86	
0	2	2755	52	296	86	
0	3	3467	75	51	296	86	
0	2	3746	61	296	86	
0	2	7467	51	296	86	
0	1	7945	673	86	
1	1	3274	7547	126	218	
1	2	3516	1797	156	126	218	
2	0	2755	3337	3227	219	
2	2	3227	6337	2855	101	153	219	
0	1	1558	408	407	
0	1	1558	407	408	
2	0	184	5274	1671	526	
1	1	1671	3473	527	526	
1	1	2366	530	534	526	
0	1	2367	534	526	
0	1	2520	536	526	
0	1	3227	527	526	
3	3	2640	1427	1887	3688	534	530	164	693	
2	3	2419	3412	4644	700	1924	750	752	
3	0	133	4298	2937	2419	936	
3	0	609	2939	5221	2988	936	
3	0	633	3222	3522	2988	936	
3	0	1749	3629	1768	2419	936	
3	0	2614	4041	2045	2419	936	
3	0	2938	2939	5221	2988	936	
2	0	2988	6337	3473	936	
2	0	3274	7686	1749	936	
3	0	3388	1680	3078	2614	936	
1	1	139	2538	486	958	
0	2	1759	946	1468	958	
3	1	139	3042	3629	1529	626	959	
3	1	1763	2366	3629	1529	626	959	
2	3	3388	1680	1817	1062	2594	1450	1027	
