0	1	274	52	74	
0	1	305	76	74	
0	1	597	76	74	
0	1	2049	60	74	
0	1	2056	52	74	
0	1	2153	76	74	
0	1	3377	76	74	
0	1	3518	60	74	
1	1	3591	3592	54	74	
0	1	4072	55	74	
0	1	5364	55	74	
0	1	7246	54	74	
2	1	2310	2572	1675	76	75	
1	2	3591	1894	55	76	75	
0	1	162	55	76	
0	1	274	55	76	
2	2	303	3629	1671	54	74	76	
0	1	305	74	76	
0	2	573	77	74	76	
0	1	597	74	76	
0	2	878	77	74	76	
0	1	942	55	76	
1	1	1675	3956	55	76	
0	1	2056	55	76	
0	1	2153	74	76	
1	0	2664	1675	76	
1	1	3300	305	74	76	
0	1	3377	74	76	
2	2	3529	1799	1671	54	74	76	
0	1	3673	55	76	
0	1	3956	55	76	
0	1	5364	55	76	
2	1	6695	457	5825	55	76	
0	1	7246	55	76	
0	2	7945	77	74	76	
2	2	9	2834	2820	50	51	77	
0	2	161	310	68	77	
0	2	162	18	51	77	
0	1	274	52	77	
2	2	303	3629	1671	54	51	77	
0	1	573	79	77	
0	2	597	74	51	77	
0	2	700	55	51	77	
0	2	878	76	51	77	
0	2	942	55	51	77	
1	0	1675	2664	77	
2	1	1797	2574	1763	53	77	
0	1	2056	52	77	
0	2	2338	54	51	77	
0	2	2367	28	51	77	
1	0	2390	3061	77	
1	0	2522	3061	77	
1	0	2664	1675	77	
1	0	3061	2390	77	
0	1	3518	68	77	
2	2	3529	1799	2553	18	51	77	
0	2	3673	55	51	77	
0	2	3956	55	51	77	
0	1	5364	79	77	
0	2	7246	54	51	77	
2	2	7945	3412	4644	18	51	77	
3	0	3300	3307	3590	3591	78	
3	3	3591	1894	2761	6337	745	2159	287	78	
0	1	305	74	79	
0	1	573	76	79	
0	2	1597	68	77	79	
0	3	2008	310	68	77	79	
0	1	2153	74	79	
0	1	2310	75	79	
2	1	3621	3590	3592	54	79	
1	1	3962	3300	76	79	
0	1	4072	55	79	
0	2	4644	18	51	79	
0	1	5364	55	79	
1	0	5470	3524	79	
3	2	5846	5842	1888	581	18	51	79	
1	0	6104	1129	79	
0	2	6134	71	77	79	
0	2	7069	18	51	79	
1	0	7278	6245	79	
0	1	7744	54	79	
2	0	305	3919	2153	80	
3	0	1763	2366	3601	2143	80	
2	0	1797	2574	1763	80	
0	1	1894	289	80	
0	1	1895	289	80	
3	1	2143	3601	3629	1515	546	80	
2	0	2153	3919	305	80	
2	0	2285	2572	2310	80	
2	1	2310	2572	1675	547	80	
1	0	3300	305	80	
2	0	4644	3412	7069	80	
2	1	4915	2238	878	547	80	
3	0	5846	2865	2572	2310	80	
1	0	7278	6245	80	
0	1	161	310	81	
0	1	1797	310	81	
1	1	1812	2565	315	81	
0	2	2285	68	313	81	
2	3	3708	1922	6517	51	77	310	81	
1	1	4487	3705	62	81	
2	2	4915	2238	878	77	310	81	
0	1	161	275	277	
0	1	942	283	277	
0	1	1797	275	277	
0	1	3673	283	277	
0	1	3956	283	277	
2	0	2285	2572	2310	327	
3	2	3300	3307	5718	3547	1169	325	327	
1	0	5656	3976	327	
2	2	2285	2572	1675	507	1659	510	
3	2	1445	1923	1563	184	507	1665	511	
0	3	2543	686	561	569	628	
2	1	1894	2761	6337	766	707	
0	3	1895	713	709	703	707	
2	0	2285	2572	2310	707	
3	1	2310	3371	2983	2338	706	707	
0	2	161	713	717	719	
0	2	1675	713	717	719	
2	2	1797	2578	874	711	716	719	
0	2	2338	712	717	719	
1	2	3300	305	713	717	719	
2	2	3377	1811	2617	713	717	719	
0	2	3518	713	717	719	
1	2	3591	1894	713	717	719	
2	2	3708	1885	2553	713	717	719	
2	0	4644	3412	7069	719	
0	2	7069	722	732	719	
3	3	1797	2573	3629	1515	255	1445	916	924	
0	1	3749	926	924	
0	2	3749	924	925	926	
2	2	7744	3619	132	1056	531	1092	
2	0	305	3919	2153	1191	
0	1	597	1190	1191	
2	0	2153	3919	305	1191	
