0	1	2139	2	1	
1	1	2467	2054	4	1	
2	0	2522	6995	2139	1	
3	2	303	3629	5221	1675	745	1	2	
0	1	2139	1	2	
2	3	6449	2738	1926	890	2159	1	2	
2	1	7945	6995	2139	1	2	
0	1	3976	238	237	
0	1	4075	257	237	
1	0	5656	3976	237	
1	1	1812	2633	257	238	
1	1	2467	2056	257	238	
3	1	2538	4490	3629	3257	236	238	
0	1	3976	237	238	
1	1	5656	3976	237	238	
0	2	3821	715	728	730	
2	2	6337	3138	1812	715	728	730	
0	1	303	733	742	
2	0	1154	2240	3344	742	
0	1	2522	737	742	
0	1	7945	733	742	
2	1	1812	1811	3377	734	743	
0	1	2538	737	743	
2	0	42	4676	1508	826	
0	3	1508	709	703	810	826	
0	2	633	942	913	915	
2	2	2366	4802	1926	892	913	915	
2	2	2538	3634	44	892	913	915	
1	2	2988	6337	902	913	915	
0	1	54	918	916	
0	1	89	922	916	
0	1	633	915	916	
0	1	1529	918	916	
1	0	1618	89	916	
0	1	2467	929	916	
0	1	2538	915	916	
0	1	2988	915	916	
0	1	4075	922	916	
0	1	54	916	918	
0	1	1529	916	918	
0	1	2538	916	918	
0	1	89	916	922	
1	1	1618	89	916	922	
0	1	4075	916	922	
0	2	3023	211	1164	923	
0	2	633	915	937	942	
2	2	2988	2239	1675	913	937	942	
0	2	2467	948	943	944	
0	1	633	952	945	
0	1	2988	952	945	
2	1	303	3629	1515	948	952	
0	1	633	945	952	
0	1	2988	945	952	
3	3	7945	3412	2001	2793	486	1233	1708	952	
3	2	1068	3584	2322	3348	488	1233	954	
0	1	4075	166	1145	
