2	0	42	4676	1508	24	
0	1	303	22	24	
0	1	1212	29	24	
2	2	1386	3629	1529	20	16	24	
0	2	1508	25	1905	24	
0	2	1806	25	1905	24	
0	2	2520	17	16	24	
2	1	2522	3061	2390	16	24	
0	1	3652	29	24	
0	2	6411	26	1905	24	
0	2	6449	25	1905	24	
0	2	7393	25	1905	24	
0	1	7945	22	24	
0	1	42	26	25	
0	1	303	26	25	
0	2	1386	24	1905	25	
0	1	1508	26	25	
0	1	1710	26	25	
0	1	1806	26	25	
0	1	2520	26	25	
0	1	2522	26	25	
0	1	4075	26	25	
0	2	6449	24	1905	25	
0	1	7393	26	25	
0	1	7770	26	25	
0	1	7945	26	25	
0	2	35	34	2023	26	
0	1	42	25	26	
0	1	303	25	26	
0	2	412	27	2023	26	
2	2	633	3222	3652	24	1905	26	
2	0	1497	1671	1812	26	
0	1	1508	25	26	
0	1	1710	25	26	
0	1	1806	25	26	
2	2	1812	3224	3652	24	1905	26	
2	2	1987	2243	1457	16	2023	26	
0	2	2367	34	2023	26	
0	2	2419	27	2023	26	
0	1	2520	25	26	
0	1	2522	25	26	
2	2	2538	3536	2689	34	2023	26	
2	2	2602	3629	1515	34	2023	26	
0	3	2793	35	24	1905	26	
0	3	2902	29	16	1905	26	
2	2	2988	2736	942	16	2023	26	
3	3	3023	2781	2031	2574	20	16	1709	26	
2	2	3227	7686	1749	34	2023	26	
0	1	4075	25	26	
0	2	5027	34	2023	26	
0	2	6411	24	1905	26	
3	2	6465	2927	3395	2390	16	2023	26	
0	1	7393	25	26	
0	1	7770	25	26	
0	2	7789	34	2023	26	
0	1	7945	25	26	
0	1	412	34	27	
0	2	597	20	16	27	
0	1	942	16	27	
0	1	2419	34	27	
3	1	3321	2334	2243	1457	16	27	
0	1	3673	16	27	
0	1	3956	16	27	
1	1	5047	2056	16	27	
2	1	2419	3412	4644	18	28	
0	1	4644	18	28	
0	1	7069	18	28	
0	1	1212	24	29	
0	3	2902	26	1905	24	29	
3	2	3134	6746	3315	3590	35	24	29	
2	0	3227	6337	3473	29	
2	3	3473	3476	1812	20	16	24	29	
0	1	3652	24	29	
3	3	5776	2524	3919	305	21	16	24	29	
2	2	6452	3584	4755	546	1473	89	
2	2	7770	2917	3529	745	230	208	
0	2	412	166	1828	209	
0	2	597	166	1828	209	
0	2	942	166	1828	209	
0	2	2419	166	1828	209	
1	2	2467	2056	166	1828	209	
2	2	3317	3629	1510	166	1828	209	
2	2	3321	4949	139	166	1828	209	
2	2	3673	2735	1515	166	1828	209	
0	2	3956	166	1828	209	
3	3	2520	1852	3890	6337	745	230	208	211	
3	0	2602	3629	1671	3473	211	
0	1	3023	923	211	
3	0	3473	3476	7814	3886	211	
3	0	3547	3629	1671	3473	211	
3	1	3652	3226	2917	7770	208	211	
2	0	3886	5718	3547	211	
2	1	253	4788	3340	126	212	
0	1	943	126	212	
2	1	1675	3629	1515	126	212	
2	0	1923	5133	220	212	
3	0	1974	3679	4790	1923	212	
0	1	2092	161	212	
3	1	2663	2602	3629	1515	126	212	
1	0	2738	1974	212	
0	2	2793	156	126	212	
0	1	3674	126	212	
2	1	3721	2334	7547	126	212	
3	0	3928	2933	3395	1923	212	
2	1	4072	4802	2366	161	212	
3	1	4135	6690	7686	2617	127	212	
2	1	5006	6021	2538	161	212	
1	1	7744	2481	161	212	
0	1	2367	214	233	
2	2	3317	3629	1529	169	171	234	
2	2	3319	3629	1529	169	171	234	
0	1	6449	175	234	
2	0	1562	3629	3257	236	
2	0	3257	2744	3258	236	
2	0	3258	2744	3257	236	
2	0	3317	3629	3257	236	
0	1	6449	257	236	
2	0	6657	3629	3257	236	
3	1	609	2939	3629	3257	236	239	
3	1	2028	1758	3629	3257	236	239	
2	1	2938	2420	2466	257	239	
3	1	3368	3914	2178	43	280	239	
3	1	6515	7528	3629	3257	236	239	
0	1	3592	243	241	
2	2	633	3222	3522	264	1107	273	
0	3	1460	268	235	1107	273	
1	1	1812	1671	271	273	
1	0	2400	7770	273	
3	3	2520	1852	3629	3257	236	1457	1107	273	
3	3	2522	1766	3629	3257	236	1457	1107	273	
2	2	2602	3629	1671	260	1107	273	
0	1	2793	275	273	
1	1	2988	2624	283	273	
0	1	3023	275	273	
2	2	3326	1859	3590	269	1107	273	
0	3	4075	237	1457	1107	273	
1	1	6449	2738	275	273	
0	1	6465	275	273	
0	3	6654	238	1457	1107	273	
0	1	7148	275	273	
1	0	7770	2400	273	
1	0	609	2939	279	
1	0	2938	2939	279	
2	2	2939	3629	1671	260	1107	279	
2	2	3465	6232	3590	269	1107	279	
2	2	3469	3337	2755	278	1107	279	
0	3	3746	239	1457	1107	279	
0	3	54	348	329	317	328	
2	2	416	1727	2917	320	317	328	
2	2	1386	3629	2565	322	317	328	
2	2	1529	3629	2565	322	317	328	
1	2	2429	2917	320	317	328	
1	0	2843	6728	328	
0	2	2949	323	317	328	
2	1	3274	3861	3465	317	328	
2	2	3388	1680	2917	320	317	328	
3	3	5846	4956	2736	942	221	361	2436	328	
1	0	6728	2685	328	
1	1	1987	2243	108	332	
2	1	6465	1568	3364	114	332	
2	2	1515	2736	942	221	2581	340	
2	2	3257	2744	3251	333	2581	340	
2	2	3258	2744	3251	333	2581	340	
2	2	6657	3629	1671	216	2581	340	
0	2	6756	337	2581	340	
1	2	2522	3061	360	346	349	
2	1	3348	3629	1529	348	350	
0	1	2522	355	351	
3	1	3023	2781	834	2272	355	351	
2	0	126	3118	2272	355	
2	0	303	3629	1735	355	
2	0	604	1671	3473	355	
2	1	1735	2869	4161	353	355	
3	2	2272	3118	7814	3886	1179	351	355	
3	0	2367	3547	3629	1735	355	
3	0	2467	6869	3629	1735	355	
0	1	2522	351	355	
2	2	2538	3634	44	1179	351	355	
2	0	2917	3629	1735	355	
0	2	3473	1182	351	355	
2	2	7779	4044	4471	1178	351	355	
3	0	7945	1766	3629	1735	355	
3	1	3323	2969	1500	3547	386	387	
3	2	6449	2738	6375	2855	362	382	387	
0	1	3328	398	397	
2	2	1562	3629	2565	391	390	398	
2	0	3257	6234	3317	398	
2	2	3317	3629	2565	391	390	398	
0	1	3328	397	398	
0	2	3328	397	414	401	
0	2	3821	274	1478	404	
2	2	6337	7686	297	274	1478	404	
2	2	7770	2917	3031	274	1478	404	
0	1	807	740	405	
1	0	2043	1220	405	
2	2	2272	3118	2854	112	1481	405	
2	2	2889	2238	878	112	1481	405	
0	1	3348	740	405	
2	2	6465	1568	3364	102	1481	405	
3	2	7779	4044	3296	43	109	1481	405	
3	0	942	2736	3770	3673	460	
2	0	3317	3629	6657	460	
3	0	6657	3629	2574	3673	460	
0	1	303	462	463	
3	1	1021	4862	2001	2793	462	463	
2	1	1386	3629	1510	461	463	
1	1	2735	1515	487	463	
2	1	3652	3629	1510	461	463	
3	1	7770	2400	3629	1510	461	463	
0	1	7945	462	463	
3	1	3257	2744	3629	1510	461	464	
2	1	6657	4755	1510	461	464	
0	3	399	534	1475	1476	518	
2	0	2390	1907	4525	518	
0	3	2793	536	1475	1476	518	
0	3	2843	534	1475	1476	518	
0	1	3340	521	518	
0	3	4525	534	1475	1476	518	
1	1	6337	2617	520	518	
0	1	35	537	536	
0	1	42	537	536	
0	1	303	537	536	
0	1	633	537	536	
0	1	1386	537	536	
1	1	1497	1671	526	536	
0	1	1508	537	536	
0	1	1710	537	536	
0	1	1806	537	536	
0	1	1987	537	536	
0	1	2367	526	536	
2	2	2419	3412	4644	164	530	536	
0	1	2520	526	536	
0	1	2522	537	536	
0	1	2545	537	536	
0	1	2793	537	536	
0	1	2988	537	536	
0	1	3227	526	536	
0	1	3473	527	536	
0	1	3610	537	536	
2	2	3652	3629	3590	44	2243	536	
0	1	4075	537	536	
0	1	4728	537	536	
0	1	5027	537	536	
0	1	6411	537	536	
0	1	6449	537	536	
0	1	6465	537	536	
0	1	6475	537	536	
0	1	7393	537	536	
0	1	7770	537	536	
0	1	7789	537	536	
0	1	7945	537	536	
0	1	35	536	537	
0	1	42	536	537	
0	1	303	536	537	
0	1	633	536	537	
0	1	1386	536	537	
1	1	1497	1671	526	537	
0	1	1508	536	537	
0	1	1710	536	537	
0	1	1806	536	537	
0	1	1987	536	537	
0	1	2520	526	537	
0	1	2522	536	537	
0	1	2545	536	537	
0	1	2793	536	537	
0	1	2902	534	537	
0	1	2988	536	537	
0	1	3227	526	537	
0	1	3610	536	537	
0	1	4075	536	537	
0	2	4346	164	530	537	
0	1	4728	536	537	
0	1	5027	536	537	
0	2	5345	164	530	537	
0	1	6411	536	537	
0	1	6449	536	537	
0	1	6465	536	537	
0	1	6475	536	537	
0	1	7393	536	537	
0	1	7770	536	537	
0	1	7789	536	537	
0	1	7945	536	537	
3	3	126	3118	3337	2755	1055	1451	540	542	
3	0	942	2736	3770	3673	542	
3	0	1424	4308	2574	3673	542	
0	2	1515	294	539	542	
1	2	1735	1740	1057	539	542	
2	2	3022	1671	1497	1057	539	542	
2	2	3673	2735	1515	294	539	542	
2	2	4755	3629	1515	294	539	542	
2	0	303	3629	1515	544	
3	0	942	2736	3770	3673	544	
0	3	1212	536	1475	1476	544	
2	1	1515	3712	2617	520	544	
3	1	3022	1671	2001	2793	518	544	
2	0	3652	3629	1515	544	
2	0	3673	2735	1515	544	
2	1	7770	2917	3529	545	544	
3	1	7945	1766	1397	2390	518	544	
2	2	1675	6905	1538	519	2493	545	
2	2	3529	2735	1515	544	2493	545	
0	1	303	547	546	
0	1	1515	547	546	
3	0	1735	1740	3629	1515	546	
0	1	1806	547	546	
2	1	3022	1671	3473	547	546	
2	0	3652	3629	1515	546	
2	0	4755	3629	1515	546	
2	1	7770	2917	3529	547	546	
0	1	7945	547	546	
0	1	303	546	547	
3	0	942	2736	3770	3673	547	
0	1	1515	546	547	
1	0	1675	3956	547	
0	1	1806	546	547	
1	1	2538	6387	80	547	
2	1	3529	2735	1515	546	547	
2	1	3673	2735	1515	546	547	
0	1	7945	546	547	
2	0	1607	3101	84	549	
0	1	303	655	632	
2	2	3473	3476	1812	667	617	632	
0	1	7945	655	632	
1	0	2843	6728	636	
1	0	6728	2685	636	
1	1	3227	6337	655	645	
1	1	139	1561	648	646	
0	2	1759	653	1932	646	
2	1	1812	3224	3652	656	665	
2	2	1987	2243	790	555	664	665	
2	3	3555	7528	7547	553	1509	657	665	
0	1	1154	667	666	
0	1	2602	668	666	
0	1	3344	667	666	
0	1	4075	668	666	
0	1	303	669	667	
0	1	1154	666	667	
3	3	1812	3138	2241	938	553	610	616	667	
0	2	2538	614	611	667	
0	1	3344	666	667	
0	1	7945	669	667	
1	1	2522	3061	612	668	
0	1	2602	666	668	
0	1	4075	666	668	
2	1	2738	1731	2552	676	682	
0	1	1806	692	691	
2	0	42	4676	1508	692	
3	2	303	3629	7547	6942	701	689	692	
0	2	1508	701	689	692	
0	1	1806	691	692	
3	3	2522	1766	3629	1735	702	2364	690	692	
0	2	6449	701	689	692	
2	3	7945	3412	4644	700	2232	689	692	
2	1	416	1727	1671	714	712	
0	1	874	711	712	
0	1	2338	713	712	
2	1	2429	2917	2317	713	712	
0	1	3519	711	712	
1	1	3520	3519	711	712	
0	1	1812	713	715	
0	1	1987	33	715	
2	1	2791	1897	3072	718	715	
0	1	3821	730	715	
1	1	6337	2617	713	715	
0	1	1154	742	716	
2	1	2602	3629	1671	714	716	
0	1	3344	742	716	
0	1	4075	718	716	
1	1	604	1671	714	717	
0	1	1812	713	717	
0	1	1987	33	717	
1	1	2467	2054	713	717	
0	1	2522	718	717	
1	1	2917	2429	712	717	
0	2	42	709	716	718	
2	2	633	3222	3522	713	720	718	
0	2	1399	729	732	718	
0	2	1508	709	716	718	
1	0	2043	1220	718	
3	2	2272	4437	3160	6406	713	720	718	
0	2	2520	709	716	718	
0	1	2522	717	718	
2	2	2889	7814	6946	713	720	718	
1	1	2988	1154	716	718	
0	2	3524	723	732	718	
0	1	4075	716	718	
2	2	6465	2927	3377	713	720	718	
0	2	6654	713	720	718	
1	1	7770	2917	717	718	
3	0	7779	4044	1751	2272	718	
0	1	3473	732	725	
0	3	609	713	720	725	727	
3	3	2367	3547	2366	1763	713	720	725	727	
2	2	2419	3412	4644	719	725	727	
2	2	2938	2420	2917	717	725	727	
2	2	3317	3629	1529	721	725	727	
2	2	3388	1680	1817	713	720	732	
0	1	3473	725	732	
3	3	6449	2738	1731	2553	703	709	717	732	
0	1	303	742	733	
1	1	1888	5011	735	733	
0	1	7945	742	733	
3	0	942	2736	3770	3673	736	
3	1	1386	3629	3733	3377	734	736	
0	1	3321	739	736	
3	1	3673	2735	4048	6243	733	736	
3	0	1675	3629	3590	6337	745	
3	0	3529	3226	2239	1675	745	
3	0	6337	3629	5221	1675	745	
3	0	303	3629	5221	1675	746	
3	0	3529	3226	2239	1675	746	
0	1	878	748	747	
2	1	1675	3629	1529	749	747	
0	1	2859	748	747	
0	1	3529	748	747	
2	1	6337	3629	1529	749	747	
0	1	878	747	748	
0	1	2859	747	748	
0	1	3529	747	748	
0	1	3317	760	753	
3	3	609	2939	7547	6942	701	1924	751	760	
0	1	943	755	760	
1	0	966	6805	760	
2	2	1515	2736	942	773	750	760	
3	3	2938	2420	3412	4644	700	1924	750	760	
0	1	3317	753	760	
0	1	3674	755	760	
0	3	6864	556	1924	750	760	
2	0	126	3118	2753	763	
3	0	633	3222	3522	2988	763	
2	0	1154	2240	3344	763	
1	1	1735	1749	764	763	
0	1	1806	764	763	
0	3	2520	709	703	705	763	
0	1	2522	761	763	
2	0	2602	3629	1735	763	
3	0	2753	3118	7814	2889	763	
3	1	2889	2238	2983	2338	706	763	
1	0	2988	1154	763	
3	1	3326	1859	3590	6337	766	763	
0	1	3473	762	763	
0	1	6243	764	763	
0	1	6449	765	763	
0	1	6465	764	763	
1	1	7770	2917	764	763	
3	3	133	4298	2929	2409	556	1925	704	764	
2	1	303	3629	1735	763	764	
2	1	604	1671	3473	762	764	
3	2	1399	1767	2393	2429	809	704	764	
2	1	1562	3629	1735	763	764	
1	1	1749	1735	763	764	
0	1	1806	763	764	
3	1	1809	1579	3629	1735	763	764	
2	0	1987	2243	4	764	
0	2	2055	811	704	764	
2	2	2419	3412	4644	809	704	764	
1	0	2467	2055	764	
0	1	2522	761	764	
2	1	2538	3634	788	763	764	
1	1	2917	2317	762	764	
0	1	3317	761	764	
1	2	3962	3300	703	704	764	
0	1	6243	763	764	
0	1	6465	763	764	
2	2	7945	3412	4644	809	704	764	
1	0	609	2939	765	
1	0	966	6805	765	
0	1	1511	762	765	
3	1	1513	3663	3629	1735	763	765	
3	1	1515	6410	5718	3750	708	765	
1	1	2012	2753	763	765	
1	1	2395	2538	764	765	
1	0	2748	6375	765	
1	0	2938	2939	765	
2	1	2939	3629	1735	763	765	
0	1	3317	761	765	
0	1	3328	762	765	
2	1	3674	3629	1735	763	765	
1	0	6375	2748	765	
0	1	6449	763	765	
0	1	6864	762	765	
0	2	942	773	774	767	
2	0	3317	3629	6657	767	
0	2	3673	773	774	767	
0	2	3956	773	774	767	
2	2	6657	3629	3258	772	774	767	
0	1	54	781	779	
0	1	1529	781	779	
2	2	303	3629	3258	772	777	780	
3	2	1021	4862	2001	2793	770	777	780	
1	1	1812	1671	781	780	
3	3	2522	1766	2929	2409	556	1924	778	780	
0	2	2538	771	777	780	
2	2	2602	3629	3258	772	777	780	
3	3	2735	2720	5371	6864	556	1924	778	780	
3	3	3023	2781	834	2272	702	1924	778	780	
2	1	3555	7528	1763	781	780	
0	1	6449	778	780	
3	3	6654	674	3113	5846	758	750	777	780	
3	3	7770	2400	3629	1735	702	1924	778	780	
3	3	7945	1766	2929	2409	556	1924	778	780	
3	3	2522	1766	3629	1515	867	861	1531	834	
3	3	6465	2927	2599	87	867	861	1531	834	
3	2	2467	6869	3629	1515	871	840	835	
3	2	6449	2738	3629	1515	871	840	835	
3	0	942	2736	3770	3673	839	
3	1	3673	2735	7686	2617	860	839	
0	1	2545	910	893	
3	3	2419	3412	3629	1515	255	1445	893	912	
2	0	1154	2240	3344	931	
3	2	1513	3663	3629	1515	255	1445	937	
3	3	2367	3547	3584	4755	1236	2565	1016	1008	
2	2	303	3629	1515	970	1009	1010	
3	3	1021	4862	2001	2793	989	1470	1009	1010	
0	2	1515	970	1009	1010	
0	3	2067	999	1470	1009	1010	
1	0	2735	1515	1010	
2	2	3652	3629	1515	970	1009	1010	
3	3	4170	7360	2738	1926	890	998	1009	1010	
3	2	7770	2400	3629	1515	970	1009	1010	
3	2	7945	1766	3629	1515	970	1009	1010	
3	2	3641	2964	4812	1763	1018	1768	1031	
3	3	2617	7814	3118	2854	1230	1229	1352	1032	
1	0	2843	6728	1032	
1	0	6728	2685	1032	
1	0	1674	1897	1033	
1	0	1897	1674	1033	
1	0	3283	3910	1033	
2	1	3340	3623	1533	1032	1033	
1	0	1897	3283	1038	
3	0	3283	3909	7462	1897	1038	
3	1	1145	2634	2764	2766	1050	1047	
2	2	1529	3629	1515	294	1042	1051	
0	1	2902	1050	1051	
2	2	2565	3629	6657	1043	1112	1052	
3	1	1987	2332	3274	1903	1062	1060	
2	2	4320	2241	295	129	1129	1130	
0	2	273	1147	2281	1148	
2	1	3388	1680	2565	359	1148	
0	3	412	1218	1466	1185	1197	
3	1	2419	3412	3629	1529	684	1197	
3	3	2027	2964	3629	1735	1221	1214	2536	1218	
3	3	2419	3412	3629	1735	1221	1214	2536	1218	
2	2	3317	6234	3253	1220	2536	1218	
2	2	604	1671	687	1232	1466	1226	
1	1	2917	7770	1221	1226	
3	2	3473	3476	7814	2889	488	1233	1234	
