3	1	2538	3634	866	1879	4	3	
3	2	3465	6232	3590	6337	745	1	4	
2	2	1817	2917	3529	745	1	5	
0	2	184	260	258	265	
1	1	822	4755	264	265	
0	1	878	263	265	
0	1	1561	264	265	
1	1	1671	687	264	265	
0	1	2012	258	265	
0	1	2147	264	265	
0	1	2424	264	265	
1	1	2718	1561	264	265	
0	1	2859	258	265	
0	1	2980	264	265	
0	1	3134	264	265	
2	1	3363	3629	1735	258	265	
0	1	3522	264	265	
0	1	3529	263	265	
0	1	3662	264	265	
2	1	4915	2238	3886	258	265	
0	1	5011	264	265	
0	1	5078	264	265	
1	1	5736	1561	264	265	
1	1	6659	2718	264	265	
1	0	2012	3309	317	
0	2	2854	346	329	317	
0	2	2980	337	329	317	
2	2	3309	3337	2755	216	329	317	
0	2	3465	341	440	317	
0	1	4177	329	317	
0	3	1561	186	1487	169	335	
1	1	2633	2857	169	335	
0	1	2718	181	335	
3	1	2859	3539	3337	3469	336	335	
0	2	3662	375	169	335	
0	2	5011	375	169	335	
0	3	5078	186	1487	169	335	
1	1	7744	2429	336	335	
2	2	2054	7681	3061	360	331	337	
0	3	2980	317	338	216	337	
0	2	6756	340	331	337	
3	0	1763	2366	3923	2012	428	
0	1	2012	429	428	
0	1	3465	429	428	
0	1	2012	428	429	
0	1	2854	430	429	
0	1	3465	428	429	
0	1	2012	428	430	
0	1	2854	429	430	
0	1	2980	430	432	
2	0	700	2106	3061	434	
1	0	822	3363	434	
3	1	2012	3372	2983	1671	431	434	
3	1	2027	2964	3629	1671	431	434	
3	1	2118	3274	4802	1671	431	434	
2	1	2633	1812	1671	431	434	
3	1	3061	1680	3629	1671	431	434	
2	1	3363	3629	1671	431	434	
2	1	3529	1799	1671	431	434	
1	0	6659	2718	434	
0	1	274	472	455	
0	1	878	470	455	
0	1	2056	472	455	
3	1	2118	3274	7068	308	453	455	
1	0	2718	1561	455	
3	0	3309	3372	2238	878	455	
0	1	3529	470	455	
1	0	3657	2718	455	
1	0	5736	1561	455	
3	0	6449	2738	3629	2118	455	
1	0	6659	2718	455	
1	2	7744	2547	1015	1013	455	
0	1	3489	503	504	
0	2	2980	602	596	594	
0	3	4177	701	1499	593	594	
3	3	2248	1904	3629	7547	553	1525	592	595	
0	1	2012	597	596	
0	1	2055	602	596	
0	1	3465	597	596	
0	3	3489	784	1499	600	596	
0	1	7671	604	596	
0	1	2012	596	597	
0	1	3465	596	597	
0	2	2054	687	561	600	
2	1	2633	3629	6657	460	601	
0	1	2718	604	601	
0	1	2854	602	601	
2	1	3309	3372	6406	560	601	
0	1	3662	602	601	
0	1	5011	602	601	
0	1	2012	596	602	
0	1	2055	589	602	
0	3	2685	701	1838	559	602	
2	0	2843	6728	2685	602	
0	1	2854	601	602	
0	2	2980	594	559	602	
0	1	3662	601	602	
0	1	5011	601	602	
0	1	878	604	603	
3	3	2859	3539	3337	3469	572	563	600	603	
0	1	3529	604	603	
0	1	878	603	604	
0	1	2718	601	604	
0	1	3529	603	604	
0	1	3662	601	604	
0	1	5011	601	604	
1	1	6659	2718	601	604	
0	1	7671	596	604	
0	1	878	640	624	
0	1	2859	622	624	
0	1	3529	640	624	
0	1	597	627	631	
3	3	2015	3309	3372	2012	619	633	637	639	
3	3	2118	3274	3590	3591	618	633	637	639	
0	3	2718	621	632	637	639	
3	3	3529	3226	4777	305	619	633	637	639	
1	0	3657	2718	639	
1	0	6659	2718	639	
0	3	44	672	670	613	640	
0	3	274	687	670	613	640	
0	1	504	641	640	
1	0	822	3363	640	
0	1	878	624	640	
2	1	1902	3611	471	642	640	
2	1	2012	6515	3907	642	640	
3	0	2015	3309	3372	2012	640	
3	0	2027	2964	3629	2118	640	
0	3	2056	687	670	613	640	
1	2	2118	3274	670	613	640	
0	1	2704	641	640	
0	1	2718	621	640	
0	1	2859	622	640	
0	3	2980	688	670	613	640	
2	0	3363	3629	2118	640	
0	3	3465	688	670	613	640	
2	1	3522	3224	3529	624	640	
0	1	3529	624	640	
0	3	4177	688	670	613	640	
2	1	4915	2238	878	624	640	
1	0	5656	3976	640	
1	1	5736	2718	621	640	
1	1	6659	2718	621	640	
0	3	7671	688	670	613	640	
0	1	504	640	641	
2	2	1797	2574	3673	670	613	641	
0	1	2704	640	641	
0	3	3662	639	654	645	648	
0	3	5011	639	654	645	648	
0	2	1936	828	810	783	
1	2	2012	2753	702	1513	784	
3	3	3465	6232	3590	6337	698	556	1513	784	
3	0	2012	3372	5718	7671	786	
0	1	2055	811	820	
