0	1	2538	161	162	
2	2	6375	3721	5571	165	1486	162	
3	3	2602	3629	1904	2248	1230	1229	1352	163	
3	2	64	1591	3629	1671	526	530	164	
0	3	161	529	526	530	164	
2	2	303	3629	1671	526	530	164	
2	0	700	2106	3061	164	
2	0	715	3151	6640	164	
3	0	1797	2574	4802	3031	164	
0	3	2338	168	526	530	164	
1	0	2467	2056	164	
1	0	2522	3061	164	
3	0	2748	6375	3721	5323	164	
2	0	3031	1671	687	164	
2	2	3061	1397	1817	533	530	164	
3	2	3368	3915	4914	2390	534	530	164	
2	2	3470	3629	1671	526	530	164	
2	2	3529	1799	1671	526	530	164	
2	0	4072	4802	3031	164	
0	2	4346	537	530	164	
0	2	4495	534	530	164	
2	0	4644	3412	7069	164	
0	2	5345	537	530	164	
2	0	6640	2317	715	164	
3	0	6654	673	2497	715	164	
3	3	6695	457	3627	3274	168	526	530	164	
3	2	7467	1606	2426	1671	526	530	164	
2	0	7945	3412	4644	164	
2	2	303	3629	1515	126	1710	165	
0	2	481	127	1710	165	
3	2	1021	4862	2001	2793	156	155	165	
2	2	1987	2243	301	127	1710	165	
2	1	2520	1852	1817	146	165	
3	2	2522	1766	3629	1515	126	1710	165	
2	2	2602	3629	1515	126	1710	165	
2	2	2617	3712	1515	126	1710	165	
1	2	2735	1515	126	1710	165	
3	2	3909	7462	1897	3928	212	1710	165	
0	2	3962	1125	162	165	
2	2	4923	3629	1515	126	1710	165	
3	1	5571	4941	3138	2766	161	165	
2	1	6449	2738	6375	162	165	
3	2	6465	2927	3395	1923	212	1710	165	
3	2	7770	2400	3629	1515	126	1710	165	
3	2	7945	1766	3629	1515	126	1710	165	
2	0	62	2264	511	166	
3	2	64	1591	3629	1515	126	1698	166	
3	2	126	3118	7814	3886	161	2279	166	
1	1	139	2538	162	166	
0	3	161	156	155	165	166	
2	1	226	2738	6375	162	166	
0	1	303	165	166	
1	0	308	3611	166	
1	0	351	1812	166	
0	1	412	209	166	
0	2	431	161	2279	166	
0	2	434	161	2279	166	
0	1	481	165	166	
0	2	530	161	2279	166	
0	1	597	209	166	
2	2	609	2939	7547	126	1698	166	
2	0	700	2106	3061	166	
2	0	715	3151	6640	166	
2	0	791	3517	7017	166	
0	1	820	165	166	
0	2	875	161	2279	166	
0	2	938	126	1698	166	
0	1	942	209	166	
0	2	943	126	1698	166	
3	2	1145	2634	2764	2766	161	2279	166	
2	0	1154	2240	3344	166	
2	2	1386	3629	1515	126	1698	166	
2	0	1414	3350	1510	166	
0	3	1457	156	155	165	166	
2	2	1459	3629	1515	126	1698	166	
2	2	1510	3629	1515	126	1698	166	
3	2	1513	3663	3629	1515	126	1698	166	
0	2	1515	126	1698	166	
2	2	1529	3629	1515	126	1698	166	
1	0	1538	62	166	
0	2	1544	161	2279	166	
2	2	1562	3629	1515	126	1698	166	
1	0	1607	6932	166	
1	0	1618	89	166	
1	0	1675	3956	166	
1	0	1735	101	166	
2	0	1759	4104	3321	166	
2	2	1797	2574	1763	161	2279	166	
2	2	1812	3138	2766	161	2279	166	
0	1	1817	145	166	
2	0	1858	3350	1510	166	
1	1	1897	3909	165	166	
2	2	1948	3629	1515	126	1698	166	
1	0	2015	3309	166	
2	2	2040	3629	1515	126	1698	166	
1	0	2189	2791	166	
1	0	2243	1457	166	
2	0	2310	2572	1675	166	
0	3	2338	156	155	165	166	
1	0	2366	530	166	
2	2	2367	3547	2366	161	2279	166	
1	1	2395	2538	162	166	
1	1	2400	7770	165	166	
0	1	2419	209	166	
0	2	2481	161	2279	166	
0	2	2485	161	2279	166	
2	0	2505	3645	3611	166	
0	1	2522	165	166	
0	1	2538	162	166	
0	1	2617	165	166	
1	0	2679	7547	166	
1	3	2715	2133	127	1710	1486	166	
0	2	2751	161	2279	166	
2	2	2766	3629	1515	126	1698	166	
1	0	2791	1897	166	
0	2	2793	212	1698	166	
2	2	2818	1922	1923	212	1698	166	
2	2	2938	2939	7547	126	1698	166	
1	0	3031	2189	166	
2	1	3061	1397	1817	145	166	
1	0	3105	2902	166	
1	0	3227	6337	166	
2	2	3245	6181	3274	161	2279	166	
2	1	3246	1680	1817	145	166	
2	0	3251	2744	3257	166	
2	0	3257	2744	3251	166	
2	0	3258	2744	3251	166	
1	0	3274	1538	166	
2	0	3281	2744	3251	166	
2	1	3309	3372	2012	144	166	
0	1	3317	209	166	
0	1	3321	209	166	
0	1	3328	1146	166	
1	0	3334	3340	166	
0	2	3340	126	1698	166	
3	0	3368	3914	2178	43	166	
2	0	3473	3476	1812	166	
1	0	3516	1797	166	
0	2	3518	212	1698	166	
1	0	3555	2366	166	
3	0	3592	4046	6151	1675	166	
1	0	3611	471	166	
3	2	3641	2964	3629	1515	126	1698	166	
1	1	3673	2735	165	166	
1	1	3674	1824	170	166	
0	2	3816	212	1698	166	
2	0	3938	2190	2189	166	
0	1	3956	209	166	
0	2	3966	161	2279	166	
0	1	4075	1144	166	
1	0	4320	1414	166	
2	0	4644	3412	7069	166	
2	0	4855	3590	3592	166	
2	2	5006	6021	2538	161	2279	166	
0	2	5053	126	1698	166	
1	0	5656	3976	166	
1	0	6104	308	166	
1	1	6337	2617	165	166	
0	1	6375	162	166	
0	1	6449	165	166	
0	1	6465	165	166	
3	1	6481	2346	2720	2735	165	166	
1	1	6515	2012	144	166	
1	0	6629	6640	166	
1	0	6640	6629	166	
3	2	6654	674	3113	7547	126	1698	166	
2	2	6657	3629	1515	126	1698	166	
2	2	6695	457	7547	126	1698	166	
0	2	6710	126	1698	166	
2	2	6932	3629	1515	126	1698	166	
2	0	7017	3725	1414	166	
2	0	7035	1749	1735	166	
0	2	7246	212	1698	166	
2	0	7467	1606	1607	166	
1	0	7547	2679	166	
0	1	7671	145	166	
0	1	7770	165	166	
0	1	7945	165	166	
3	2	609	2939	3629	1671	102	2195	316	
2	2	1675	3629	1671	102	2195	316	
3	2	1858	3426	3629	1671	102	2195	316	
0	2	2338	119	314	316	
1	1	2938	2420	314	316	
0	1	6695	314	316	
2	2	303	3629	2766	670	686	582	
3	1	1894	2294	2836	4135	568	582	
2	2	2400	3629	2766	670	686	582	
1	0	2857	566	582	
0	1	4644	686	582	
1	0	5656	3976	582	
2	2	6559	5718	3139	670	686	582	
0	1	7069	686	582	
2	0	7945	3412	4644	582	
