0	2	6243	546	1473	90	
0	2	2049	91	82	93	
3	3	2317	3629	4429	1763	80	85	82	93	
0	2	2782	87	82	94	
0	1	44	100	99	
2	0	62	2264	511	99	
0	1	672	95	99	
3	3	793	3307	2007	7459	96	1480	45	99	
2	0	1068	3584	2366	99	
1	0	1538	62	99	
3	3	1906	1594	1676	7459	96	1480	45	99	
3	0	1936	3719	1883	5053	99	
0	1	2027	100	99	
1	0	2282	369	99	
2	1	2366	2737	1812	43	99	
3	3	2421	3410	3629	1671	97	1480	45	99	
3	3	2467	6869	3629	1671	97	1480	45	99	
2	0	2538	3634	44	99	
0	1	3015	95	99	
0	3	3105	97	1480	45	99	
1	0	3274	1538	99	
3	3	3465	6232	3590	3050	97	1480	45	99	
1	0	3555	2366	99	
2	1	3674	3629	3050	100	99	
3	3	5053	1500	3629	1671	97	1480	45	99	
1	0	6104	1129	99	
3	3	6629	6640	2317	2331	125	405	95	99	
0	3	7459	96	1480	45	99	
0	1	44	99	100	
3	1	223	3378	3138	1812	43	100	
0	3	691	97	1480	45	100	
0	1	1675	47	100	
1	1	1926	1812	43	100	
0	1	2027	99	100	
2	1	2367	3547	2366	99	100	
2	1	3050	1502	5053	99	100	
2	0	62	2264	511	150	
3	1	64	1591	3629	3590	149	150	
2	1	303	3629	3590	149	150	
3	0	942	2736	3770	3673	150	
3	0	1424	4308	2574	3673	150	
0	2	1428	231	1805	150	
1	0	1538	62	150	
0	1	2025	149	150	
0	2	2026	151	148	150	
3	1	2143	3601	3629	3590	149	150	
1	2	2467	2055	220	213	150	
2	1	3022	2521	2855	101	150	
2	2	3673	2735	1515	151	148	150	
0	2	4495	151	148	150	
2	1	6932	3629	3590	149	150	
2	0	7467	1606	4161	150	
3	2	7770	2917	1680	1817	147	148	150	
2	2	7945	6995	2080	214	148	150	
0	1	1515	151	152	
3	1	3591	3592	4046	3590	149	152	
3	1	2285	2573	2521	2855	101	153	
1	1	3274	1538	150	153	
0	2	2782	155	162	154	
2	1	3652	3629	1735	258	268	
0	1	5264	258	268	
2	0	62	2264	6932	283	
0	1	126	275	283	
2	2	418	3629	1671	271	1455	283	
0	3	691	269	1107	276	283	
2	1	793	3307	3590	275	283	
0	1	942	277	283	
0	1	1386	275	283	
0	3	1424	259	1107	276	283	
1	1	1449	6406	275	283	
2	1	1515	2834	2820	275	283	
1	0	1538	62	283	
0	3	1597	260	1107	276	283	
1	1	1735	101	275	283	
0	1	2025	281	283	
0	1	2026	281	283	
0	1	2324	275	283	
1	1	2466	2917	275	283	
1	1	2467	2055	275	283	
1	1	3050	3590	275	283	
0	1	3673	277	283	
0	3	3821	259	1107	276	283	
0	1	3956	277	283	
2	2	4072	4802	1671	271	1455	283	
0	3	4495	264	1107	276	283	
0	3	5264	259	1107	276	283	
2	1	5604	4147	2538	275	283	
2	2	6337	3138	1671	271	1455	283	
2	2	6932	3629	1671	271	1455	283	
2	1	481	2261	3590	1057	294	
0	1	1515	542	294	
2	0	2617	3712	1515	294	
1	1	3274	4755	542	294	
0	1	44	304	306	
3	2	62	2264	4147	2538	292	78	306	
0	1	672	304	306	
1	0	1538	62	306	
0	1	2027	304	306	
0	1	2421	304	306	
0	1	3015	304	306	
0	1	3274	302	306	
0	1	3586	304	306	
0	1	44	304	307	
2	1	1068	3584	3547	300	307	
0	1	2027	304	307	
0	1	2421	304	307	
1	1	3105	2902	303	307	
0	1	126	344	343	
2	2	139	1727	1671	216	339	343	
2	2	303	3629	1671	216	339	343	
3	2	1424	4308	2574	3673	221	339	343	
0	1	1735	344	343	
0	1	2026	344	343	
0	3	2793	323	329	344	343	
1	2	3022	1671	216	339	343	
2	2	3652	3629	1671	216	339	343	
0	1	3821	344	343	
3	2	4170	7360	3629	1671	216	339	343	
0	1	5264	344	343	
0	1	6337	344	343	
3	2	7770	2400	3629	1671	216	339	343	
3	2	7945	1766	3629	1671	216	339	343	
0	3	609	473	874	1944	477	
3	0	633	3222	3522	2988	477	
3	3	2938	2939	5221	1675	473	874	1944	477	
1	2	2988	2624	480	1944	477	
0	1	2624	482	480	
2	0	1937	1594	230	481	
1	0	2282	369	481	
0	1	2624	480	482	
1	1	3143	4855	476	482	
2	2	3529	1799	2553	473	874	482	
1	0	2043	1220	488	
3	2	2467	6869	3629	3590	957	486	488	
3	2	2889	2238	3307	3590	957	486	488	
2	2	3348	3629	3590	957	486	488	
3	2	6465	2927	3395	6640	467	456	489	
1	3	3591	1894	472	1013	1014	490	
2	1	7744	2322	3348	488	491	
0	1	2854	497	495	
2	0	3274	6410	1515	495	
3	3	62	1591	3629	1671	526	1475	1476	519	
2	2	1449	2983	3489	523	551	519	
1	0	1538	62	519	
2	2	2012	3337	2755	1055	1451	539	
0	2	2287	1058	1451	539	
2	2	3465	6232	3590	1049	532	539	
0	1	2049	581	576	
0	2	2055	589	561	576	
2	2	2664	3629	7547	553	563	576	
2	2	139	6164	3958	552	559	589	
1	3	1759	7063	599	591	559	589	
0	3	2049	576	563	559	589	
0	1	2055	607	589	
0	1	2859	622	623	
1	3	3050	3590	558	569	628	630	
2	2	1449	2983	1937	619	633	637	
3	3	2854	3118	3337	3227	645	654	633	637	
0	2	2859	655	632	637	
0	2	54	619	654	655	
3	2	64	1591	3629	1529	619	654	655	
2	2	126	3118	2854	637	651	655	
2	2	303	3629	1529	619	654	655	
2	2	418	3629	1529	619	654	655	
0	1	942	654	655	
2	2	1449	2983	1937	619	654	655	
2	1	1515	2834	6018	653	655	
2	2	1529	1823	54	619	654	655	
2	2	1735	3118	2854	637	651	655	
2	2	2083	3629	1529	619	654	655	
2	2	2466	3629	1529	619	654	655	
0	2	2859	637	651	655	
2	3	3390	1058	3134	640	617	651	655	
0	1	3673	654	655	
0	1	3956	654	655	
2	2	4072	3705	2553	619	654	655	
2	2	4755	3629	1529	619	654	655	
1	1	6337	2855	652	655	
3	0	7467	1606	3484	4755	655	
2	2	7945	3412	4644	619	654	655	
0	2	64	672	2116	656	
0	1	139	554	656	
0	1	1759	554	656	
2	1	3652	3629	1529	662	656	
0	2	7467	672	2116	656	
0	3	54	619	615	666	669	
0	1	303	667	669	
2	1	1529	1777	1812	667	669	
3	3	2285	2573	3629	7547	553	610	616	669	
0	1	7945	667	669	
0	3	44	640	613	1332	672	
3	3	64	1591	3629	7547	553	1525	1334	672	
3	3	195	2988	3629	7547	553	1525	1334	672	
2	0	1937	1594	230	672	
3	3	2027	2964	3629	7547	553	1525	1334	672	
2	1	2367	3547	2366	670	672	
3	3	7467	1606	2301	2857	582	686	670	672	
0	1	303	86	673	
0	2	2285	68	296	673	
0	1	7945	86	673	
2	2	126	3118	2854	701	1546	702	
2	0	223	3378	2988	702	
3	3	609	2939	3629	1515	697	556	1546	702	
3	3	633	3222	3227	6337	698	556	1546	702	
2	2	1735	3118	2854	701	1546	702	
0	2	1806	691	690	702	
2	2	1926	1812	2633	701	1546	702	
2	2	2272	3118	2854	701	1546	702	
2	2	2395	7662	7604	689	690	702	
1	2	2467	2056	689	690	702	
0	2	2522	692	690	702	
2	2	2753	3118	2854	701	1546	702	
3	2	2889	2238	5718	3467	689	690	702	
3	3	2938	2420	3629	1515	697	556	1546	702	
1	0	2988	2624	702	
3	3	3473	3476	1812	2633	698	556	1546	702	
0	2	3610	701	1546	702	
2	2	6465	1568	3364	701	1546	702	
0	2	7770	768	2364	702	
3	0	7779	4044	1751	2272	702	
3	2	2859	3539	3337	3469	723	725	726	
2	0	184	5274	1671	812	
1	0	1331	1934	812	
2	0	1671	1563	184	812	
2	2	1449	2983	2338	844	845	848	
0	3	1463	874	879	1444	873	
0	1	1463	873	874	
2	1	1449	3378	2988	477	875	
0	2	4644	867	1895	875	
0	2	7069	867	1895	875	
3	3	2285	2573	3629	1515	255	247	1472	964	
2	2	1906	1594	1743	988	1470	979	
2	2	3590	3629	1515	970	1470	979	
2	2	3590	3629	1515	970	1470	980	
2	1	1068	3584	3547	989	981	
1	0	6104	1129	981	
0	1	2055	993	996	
0	1	3591	993	996	
2	2	2285	2572	1675	745	890	998	
0	3	2067	1010	970	972	999	
0	3	2782	998	970	972	999	
3	3	3591	3592	4046	3590	979	970	972	999	
2	2	5604	4147	2538	1041	1451	1044	
2	1	7744	2334	7547	1203	1209	
2	3	2939	3629	1515	255	2145	2070	1235	
