2	2	3300	3307	793	99	120	124	
3	1	1894	6189	2239	6201	439	222	
3	1	2054	7681	2178	3020	437	222	
1	0	3591	1894	222	
3	3	1763	2365	2657	1812	41	2151	2069	223	
0	1	3300	568	224	
2	2	4072	4802	2366	670	686	224	
0	3	6344	590	1914	568	224	
1	1	2395	2538	292	225	
2	2	2924	6181	3274	302	290	225	
2	2	2939	3629	3050	302	290	225	
0	1	5903	292	225	
1	1	7744	2547	292	225	
0	2	1386	226	2332	227	
2	1	3522	3224	3652	211	227	
0	1	865	229	228	
0	1	3467	229	228	
0	1	865	228	229	
0	1	3467	228	229	
0	3	2054	264	1107	276	285	
0	2	943	338	2581	341	
0	3	3465	317	338	2581	341	
2	2	3674	3629	1671	216	2581	341	
3	3	3143	4855	3590	6337	404	410	1477	389	
1	2	3465	3705	424	1477	389	
0	1	3591	423	422	
0	2	391	360	340	441	
3	3	1763	2366	3629	1671	216	2581	341	441	
3	3	2367	3547	3629	1671	216	2581	341	441	
2	1	2939	3629	1515	340	441	
0	2	2859	151	516	517	
3	1	3465	6232	3590	6337	518	525	
3	3	1303	3307	5718	3467	576	585	2380	584	
3	3	2689	2521	1671	687	578	586	2380	584	
0	3	391	611	610	1525	591	
0	2	2409	609	596	591	
2	1	6712	2050	2055	596	591	
0	3	391	591	598	615	611	
2	1	2054	7681	3061	612	617	
3	2	3591	1894	2761	2624	655	617	618	
0	2	162	625	617	634	
1	2	3300	305	619	633	635	
2	2	565	3629	1529	619	654	652	
1	1	2855	6337	655	652	
0	2	3749	619	654	652	
0	2	2553	713	709	703	
1	2	3300	305	713	709	703	
2	0	4072	3705	2553	703	
3	3	1894	2761	1812	2633	806	810	826	828	
0	3	1936	783	810	826	828	
0	3	3489	822	816	826	828	
1	0	2282	369	829	
0	1	3465	830	829	
0	1	943	831	830	
0	1	3465	829	830	
0	1	3674	831	830	
0	1	943	830	831	
0	1	3465	829	831	
0	1	3674	830	831	
0	1	943	830	832	
0	1	3465	829	832	
0	1	3674	830	832	
0	1	943	830	833	
0	1	3465	829	833	
0	1	3674	830	833	
1	2	3031	1671	319	1162	887	
0	2	3591	1045	1057	1040	
0	3	3591	1040	1057	1055	1045	
2	1	3962	3300	305	1058	1045	
0	1	2054	1151	1150	
0	1	2054	1150	1151	
2	2	3470	3629	1529	684	1185	1210	
3	3	4072	4802	2615	1743	175	2543	2370	1225	
2	1	7744	2322	1735	1221	1228	
2	2	3031	2917	3529	1202	1185	1232	
