2	2	2099	3705	2553	18	2001	58	
1	1	3591	3592	54	58	
3	3	2367	3547	2366	1763	55	76	75	59	
0	2	573	77	310	62	
0	1	2049	63	62	
0	1	2055	63	62	
0	1	2367	64	62	
1	1	3591	3592	65	62	
0	1	3705	64	62	
0	1	6406	64	62	
0	2	101	64	62	63	
0	2	139	64	62	63	
2	2	418	3629	3050	64	62	63	
0	2	1759	64	62	63	
0	1	2049	62	63	
0	1	2055	62	63	
2	2	2466	3629	3050	64	62	63	
0	1	101	67	64	
0	1	139	67	64	
2	0	305	3919	2153	64	
0	1	308	67	64	
3	0	942	2736	3770	3673	64	
0	1	1759	67	64	
0	2	2049	62	1987	64	
2	0	2153	3919	305	64	
0	1	2161	67	64	
0	1	2367	67	64	
2	2	3050	3590	3591	62	1987	64	
3	2	3143	4855	3590	3591	62	1987	64	
3	1	3418	917	2001	1671	67	64	
3	2	3673	2735	7686	2924	72	311	64	
0	2	3705	62	1987	64	
0	3	3956	77	310	311	64	
0	2	6406	62	1987	64	
0	2	3592	310	1987	65	
0	1	101	64	67	
0	1	139	64	67	
2	0	184	5274	1671	67	
0	1	308	64	67	
0	2	1068	310	1987	67	
2	2	1671	1497	2949	62	1987	67	
0	1	1759	64	67	
0	1	2161	64	67	
0	1	2367	64	67	
2	2	2753	3118	2854	68	311	67	
2	1	3688	3629	3050	64	67	
0	1	2782	88	87	
0	1	2782	87	88	
1	2	3591	1894	274	98	107	
0	2	6515	97	2220	107	
3	0	942	2736	3770	3673	221	
2	2	3673	2735	1515	340	331	221	
0	3	3956	344	329	331	221	
1	2	139	2070	274	393	334	
2	2	418	3629	3257	274	393	334	
2	2	2466	2178	1923	274	393	334	
3	3	3592	4046	2426	1671	97	2220	1482	334	
2	0	305	3919	2153	424	
2	0	2153	3919	305	424	
3	1	4915	2238	5718	7671	423	424	
1	0	6406	4915	424	
2	2	2791	1897	3909	415	452	454	
0	3	1317	864	874	1944	478	
3	0	6452	4038	2366	1317	478	
3	1	1515	2834	3629	1510	461	487	
3	1	2285	2573	3629	1510	461	487	
1	1	3274	1862	456	487	
2	2	139	1727	1671	507	1659	508	
0	2	1317	507	1659	508	
3	2	2027	2964	3629	1671	507	1659	508	
0	2	2049	507	1659	508	
0	2	2055	507	1659	508	
0	2	6452	507	1659	508	
0	1	139	656	554	
0	1	1759	656	554	
0	1	139	654	653	
0	1	1759	654	653	
0	1	139	646	654	
2	2	308	3611	471	642	618	654	
0	1	942	655	654	
0	1	1759	646	654	
3	3	2479	7775	2317	715	612	617	632	654	
0	1	3673	655	654	
0	1	3956	655	654	
0	2	1710	743	715	731	
3	3	3591	1894	2761	6337	698	556	1924	750	
2	1	464	2574	3673	839	851	
2	1	2575	2574	3673	839	851	
0	1	139	947	946	
3	1	609	2939	5221	2988	945	946	
0	1	1759	947	946	
0	1	2395	947	946	
3	1	2938	2939	5221	2988	945	946	
0	1	139	946	947	
0	1	1759	946	947	
0	1	2395	946	947	
2	1	2753	3118	296	955	947	
0	2	7671	993	988	991	
3	0	1763	2366	4802	4072	993	
2	0	1937	1594	230	993	
0	1	2055	996	993	
3	0	3465	6232	3590	3591	993	
0	1	3591	996	993	
3	0	4072	4802	2366	1763	993	
0	3	230	1062	2594	1446	1018	
3	0	1763	2366	3923	2012	1018	
2	0	1937	1594	230	1018	
0	1	2012	1019	1018	
0	1	2055	1019	1018	
0	1	2092	1020	1018	
0	1	2663	1019	1018	
0	1	3377	1022	1018	
0	2	3465	1028	1446	1018	
0	1	3518	1019	1018	
3	0	4072	4802	2366	1763	1018	
1	3	5364	6530	1062	2594	1446	1018	
0	3	6850	1062	2594	1446	1018	
0	3	274	1028	1446	1022	1019	
2	0	305	3919	2153	1019	
0	1	2012	1018	1019	
3	1	2015	3309	3372	2012	1018	1019	
0	1	2055	1018	1019	
0	3	2056	1028	1446	1022	1019	
2	0	2153	3919	305	1019	
0	1	2663	1018	1019	
0	1	3518	1018	1019	
0	1	2092	1018	1020	
0	1	3377	1018	1022	
0	3	1544	1056	531	1386	1095	
0	1	2049	1096	1095	
1	3	2380	700	164	2043	1110	1095	
3	3	3473	3476	1812	3590	1049	531	1386	1095	
0	2	3591	1040	1823	1095	
2	2	6515	7528	7547	1114	1092	1095	
0	1	2049	1095	1096	
2	2	2395	3725	5323	164	2043	1098	
3	2	6799	2332	3274	6654	164	2043	1098	
2	1	139	4473	4755	1236	1239	
