3	0	2012	3311	2182	2663	6	
3	3	2663	2182	2239	1675	745	890	1471	6	
2	2	4072	4802	1926	890	1471	6	
0	1	64	11	13	
0	1	161	9	13	
0	1	230	37	13	
0	1	274	6	13	
2	1	305	3307	3590	12	13	
0	1	597	9	13	
0	1	823	38	13	
0	1	1145	14	13	
1	1	1675	2664	9	13	
3	1	1763	2366	3923	2012	6	13	
0	1	1797	9	13	
1	1	1812	2633	12	13	
2	0	1894	2761	1812	13	
2	0	1906	1594	230	13	
0	1	1936	6	13	
0	1	1937	37	13	
3	1	1943	2733	1563	2574	9	13	
0	1	2012	6	13	
0	1	2055	14	13	
0	1	2056	6	13	
1	0	2153	3621	13	
1	1	2317	715	38	13	
0	1	2338	15	13	
0	1	2538	9	13	
0	1	2663	6	13	
0	1	2664	9	13	
2	1	3031	4802	4072	6	13	
1	0	3300	305	13	
0	1	3368	38	13	
0	1	3465	37	13	
1	1	3529	2735	9	13	
1	1	3621	3590	12	13	
0	1	3693	14	13	
0	1	3750	14	13	
0	1	3912	9	13	
2	0	4644	3412	7069	13	
1	0	5656	3976	13	
0	1	6629	38	13	
0	1	6654	9	13	
2	0	6712	2050	2055	13	
0	1	7246	14	13	
0	1	7467	11	13	
1	1	7744	2429	38	13	
0	1	64	11	14	
0	1	274	13	14	
0	2	608	39	13	14	
0	1	1145	13	14	
0	1	2055	13	14	
0	1	2056	13	14	
0	1	2538	11	14	
1	1	2664	1675	13	14	
2	2	2924	6181	3274	38	13	14	
0	1	3693	13	14	
0	1	3750	13	14	
2	2	6559	5718	2765	12	13	14	
0	1	7246	13	14	
0	1	7467	11	14	
0	1	64	86	51	
2	1	2012	3337	2755	52	51	
0	1	2248	55	51	
0	1	3489	53	51	
0	1	3976	53	51	
1	0	5656	3976	51	
2	1	6517	1922	1923	18	51	
0	1	6946	55	51	
0	1	7467	86	51	
0	1	274	54	52	
0	1	2056	54	52	
0	1	2755	86	52	
0	1	1763	55	53	
0	1	2055	54	53	
0	1	2663	55	53	
0	1	2748	55	53	
0	1	3489	51	53	
0	1	3976	51	53	
1	1	5656	3976	51	53	
0	1	162	55	54	
0	1	184	56	54	
0	1	274	52	54	
0	1	1145	55	54	
1	1	1671	1812	55	54	
0	1	2055	53	54	
0	1	2056	52	54	
0	1	2338	55	54	
0	1	3489	51	54	
0	1	3592	56	54	
0	1	6614	55	54	
2	2	6712	2050	2055	18	51	54	
2	1	6799	2332	3274	56	54	
0	1	7246	55	54	
0	1	7744	55	54	
0	1	162	54	55	
3	3	226	2738	1926	1812	18	51	54	55	
0	1	274	54	55	
2	0	700	2106	3061	55	
2	0	715	3151	6640	55	
0	1	942	76	55	
0	1	1145	54	55	
0	2	1763	53	54	55	
1	1	1812	1671	54	55	
2	0	1894	2761	1812	55	
2	0	2054	7681	3061	55	
0	1	2055	54	55	
0	1	2056	54	55	
0	2	2248	51	54	55	
1	0	2317	715	55	
0	1	2338	54	55	
3	3	2538	3536	4651	1812	18	51	54	55	
0	2	2663	53	54	55	
0	2	2748	53	54	55	
3	3	3061	1680	2565	1812	18	51	54	55	
0	1	3673	76	55	
0	1	3956	76	55	
0	2	3976	51	54	55	
2	1	4072	4802	1671	54	55	
0	1	5364	76	55	
1	0	5656	3976	55	
2	1	6337	3138	1671	54	55	
0	1	6614	54	55	
1	0	6640	2317	55	
1	1	6946	1675	76	55	
0	1	7246	54	55	
0	1	7744	54	55	
0	2	3750	112	1481	120	
3	3	64	1591	3629	1515	365	2338	371	372	
3	3	943	2446	3395	1674	362	364	371	372	
1	2	1675	2664	370	371	372	
0	3	2338	382	1491	371	372	
0	2	2538	363	371	372	
2	2	2663	3544	2855	363	371	372	
2	0	3031	1671	687	372	
2	1	3674	3629	6657	371	372	
3	3	6654	674	3113	1880	362	364	371	372	
3	3	7467	1606	2001	2793	362	364	371	372	
3	1	2012	3372	2983	2208	506	505	
2	0	184	5274	1671	507	
2	0	305	3919	2153	507	
3	0	481	2261	1563	184	507	
2	0	766	1782	3260	507	
0	1	1317	508	507	
1	0	1331	1934	507	
3	0	1424	4308	2574	1763	507	
2	1	1671	3372	2012	505	507	
1	0	1675	2664	507	
2	0	1763	2366	1317	507	
2	0	1797	2574	1763	507	
3	0	1894	2761	1812	1671	507	
0	1	2049	508	507	
0	1	2055	508	507	
3	0	2143	3601	3629	1671	507	
1	0	2148	4018	507	
2	0	2153	3919	305	507	
2	0	2317	1497	1671	507	
2	1	2538	3634	44	508	507	
2	0	2617	7814	6946	507	
2	0	2633	1812	1671	507	
3	0	2663	3463	4777	305	507	
1	0	2664	1675	507	
3	0	2924	6181	6337	2617	507	
2	0	3465	3705	2553	507	
1	0	3591	1894	507	
2	0	3674	3629	1671	507	
1	0	4018	2148	507	
1	0	6104	1129	507	
0	1	6452	508	507	
1	0	6946	1675	507	
3	0	7744	2334	2243	1457	507	
2	2	1894	2761	2624	656	606	605	
0	3	1936	687	561	600	605	
0	1	274	688	687	
0	1	1936	688	687	
1	0	2012	3309	687	
0	1	2054	688	687	
0	1	2056	688	687	
2	0	3309	3372	2012	687	
0	1	274	687	688	
0	1	1936	687	688	
0	1	2012	687	688	
0	1	2054	687	688	
0	1	2056	687	688	
0	2	7671	590	1914	688	
0	1	64	774	713	
0	3	161	719	715	709	713	
0	3	162	689	691	710	713	
0	3	274	689	691	710	713	
2	0	305	3919	2153	713	
2	2	481	2261	3590	789	1005	713	
0	1	597	785	713	
0	3	608	809	703	709	713	
2	1	609	2939	7547	787	713	
0	2	823	771	774	713	
0	3	943	690	691	710	713	
0	3	1145	733	715	712	713	
2	2	1424	4308	2574	789	1005	713	
1	0	1675	2664	713	
2	2	1763	2366	530	1006	1005	713	
2	1	1797	2578	874	711	713	
1	1	1812	1671	714	713	
1	0	1817	3368	713	
2	0	1894	2761	1812	713	
0	3	1895	723	715	712	713	
3	0	1906	1594	3160	6406	713	
0	2	1936	783	785	713	
3	1	1943	2733	1563	184	714	713	
0	1	2012	786	713	
3	3	2054	7681	2178	2917	717	715	709	713	
0	3	2055	720	715	709	713	
0	3	2056	689	691	710	713	
2	0	2153	3919	305	713	
0	3	2287	720	715	709	713	
2	0	2317	6640	6629	713	
0	1	2338	712	713	
3	0	2367	3547	2366	1763	713	
0	2	2538	771	774	713	
0	2	2553	703	709	713	
1	1	2617	6337	747	713	
3	0	2663	3463	4777	305	713	
1	0	2664	1675	713	
2	1	2924	6181	3274	714	713	
2	1	2938	2939	7547	787	713	
1	2	3164	3340	771	774	713	
1	0	3300	305	713	
0	2	3368	771	774	713	
2	0	3377	1811	2617	713	
2	2	3465	3705	2553	703	709	713	
0	3	3518	704	703	709	713	
2	2	3522	2988	6337	715	709	713	
1	0	3591	1894	713	
2	1	3674	3629	1671	714	713	
0	3	3693	728	715	709	713	
1	0	3962	3300	713	
0	3	3976	728	715	709	713	
2	2	4072	3705	2553	703	709	713	
1	0	5656	3976	713	
2	0	6239	4770	906	713	
2	1	6406	4676	1508	709	713	
3	3	6517	1922	1923	6344	704	703	709	713	
2	0	6629	6640	2317	713	
0	3	6654	718	715	709	713	
2	0	6712	2050	2055	713	
1	0	6946	1675	713	
1	1	6997	2429	712	713	
0	1	7467	774	713	
1	1	7744	2547	711	713	
0	1	3311	822	821	
0	3	274	1019	1780	1026	1028	
2	0	305	3919	2153	1028	
3	3	1675	1679	1594	230	1018	1780	1026	1028	
3	3	1894	2761	3861	3465	1018	1780	1026	1028	
3	3	2012	6515	3923	1763	1018	1780	1026	1028	
0	3	2055	1018	1780	1026	1028	
0	3	2056	1019	1780	1026	1028	
2	0	2153	3919	305	1028	
0	3	2338	1062	2594	1450	1028	
0	3	3465	1018	1780	1026	1028	
2	0	6712	2050	2055	1028	
2	0	700	2106	3061	1029	
2	0	715	3151	6640	1029	
3	2	2538	3634	2983	1937	1018	1768	1029	
3	2	3061	4534	3721	6850	1018	1768	1029	
2	0	6640	2317	715	1029	
0	1	942	956	1233	
0	1	3673	956	1233	
0	1	3956	956	1233	
