1	3	1897	2791	125	405	95	42	
3	1	3623	7573	809	1671	1147	158	
0	1	3227	526	527	
0	1	3473	536	527	
3	1	195	2988	3629	3590	558	557	
1	0	1618	89	557	
3	1	2538	4490	3629	3590	558	557	
2	3	3590	3629	1515	697	556	1524	558	
2	0	62	2264	511	559	
1	0	1538	62	559	
1	0	6104	1129	559	
2	1	195	2985	2118	639	643	
2	2	3721	2106	700	612	617	643	
3	3	2520	1852	3629	1529	619	654	645	647	
3	0	938	7266	3629	7547	787	
2	0	7547	6763	938	787	
1	2	9	2067	556	1925	788	
3	3	64	1591	3629	1515	697	556	1925	788	
0	1	131	805	788	
2	0	184	5274	1671	788	
0	1	297	803	788	
0	1	530	1006	788	
0	2	614	17	810	788	
3	3	1331	3580	3629	1515	697	556	1925	788	
2	0	1607	3101	84	788	
1	1	1671	687	809	788	
3	3	1711	2514	3629	1515	697	556	1925	788	
0	1	1742	805	788	
1	0	2012	6515	788	
0	3	2049	702	556	1925	788	
1	1	2119	2574	789	788	
1	0	2366	530	788	
2	1	2692	1743	3590	789	788	
2	0	2765	3138	1671	788	
1	1	2766	3590	789	788	
0	1	2793	792	788	
0	2	2960	17	810	788	
2	1	3143	4855	3590	789	788	
0	1	3300	703	788	
0	2	3489	784	1925	788	
0	1	3591	789	788	
0	1	3966	1006	788	
0	1	4644	809	788	
3	3	5053	1500	3629	1515	697	556	1925	788	
0	1	6134	809	788	
1	0	6515	2012	788	
2	1	6629	6640	2317	804	788	
0	1	7069	809	788	
0	1	7278	809	788	
2	0	7467	1606	1607	788	
1	0	463	2574	789	
3	3	2027	2964	4812	1763	713	711	1005	789	
2	0	2390	1907	4525	789	
2	0	2552	1563	2574	789	
1	0	2574	463	789	
1	0	3590	3591	789	
3	3	3591	1894	2761	1812	713	711	1005	789	
0	3	7063	785	783	794	797	
3	0	1711	2514	3629	2766	847	
1	0	2766	3590	847	
2	1	3590	6151	1675	473	847	
3	2	2012	3372	7814	2575	851	856	858	
3	1	1515	798	3590	6337	841	871	
2	0	3652	3629	1515	871	
0	1	3821	841	871	
0	1	6337	841	871	
1	0	463	2574	903	
1	0	2574	463	903	
3	3	2692	1816	1680	2466	255	1445	894	903	
0	1	3821	919	921	
0	1	6337	919	921	
2	2	6449	2738	1926	892	916	921	
0	1	62	928	927	
0	1	64	933	927	
1	0	1538	62	927	
2	0	1607	3101	84	927	
1	1	1812	3590	928	927	
3	3	3623	7573	809	2678	902	1445	916	927	
2	2	5604	4147	2538	915	916	927	
0	1	7467	933	927	
0	2	7650	892	916	927	
0	1	62	927	928	
1	1	1538	62	927	928	
2	2	3590	3629	1529	916	927	928	
0	2	942	1233	958	956	
0	2	3673	1233	958	956	
0	2	3956	1233	958	956	
3	1	3590	1740	1734	3343	357	957	
0	1	3139	986	984	
0	1	6515	986	984	
2	0	4644	3412	7069	1002	
3	2	2538	4490	3629	1515	970	972	1003	
0	1	54	469	1013	
0	1	1529	469	1013	
2	2	2791	1897	3909	415	470	1013	
3	3	3547	3629	5221	2939	1079	1076	1452	1048	
0	2	202	1056	1112	1049	
2	2	3590	7686	2924	531	1112	1049	
0	2	7468	1056	1112	1049	
2	0	766	1782	3260	1091	
3	0	942	2736	3770	3673	1091	
2	0	2390	1907	4525	1091	
3	0	2614	3078	1397	2390	1091	
2	2	2331	3629	6657	1043	1112	1116	
0	3	5368	1140	1256	137	1135	
2	2	6799	2332	3274	1256	137	1135	
3	2	333	2634	2764	2766	157	2281	1149	
3	2	2208	2634	2764	2766	157	2281	1149	
2	2	2119	3629	1671	216	339	1168	
2	2	3721	1664	1671	216	339	1168	
2	1	195	4044	4471	1178	1179	
3	1	2027	2964	3629	1735	355	1179	
2	1	2939	3629	1735	355	1179	
2	1	3886	6717	3523	355	1179	
2	1	7744	2322	1735	355	1179	
0	2	3705	424	2024	1200	
3	2	938	7266	3629	1529	684	1185	1203	
2	2	2331	3629	1529	684	1185	1203	
0	2	4996	1224	1185	1203	
2	0	7547	6763	938	1203	
0	3	2252	1228	1185	1203	1204	
3	3	62	1591	3629	1529	684	1185	1210	1208	
1	0	1538	62	1208	
3	3	2538	4490	3629	1529	684	1185	1210	1208	
0	1	6	1217	1214	
0	1	4988	1217	1214	
2	2	1948	3629	1735	1221	1214	1219	
0	1	3489	1246	1244	
0	1	3489	1244	1246	
3	2	7744	2322	3629	1529	376	1492	1250	
2	1	2395	3725	2715	369	1251	
