0	1	942	22	31	
1	1	2317	715	30	31	
0	1	2793	35	31	
3	1	3257	2744	3629	2574	22	31	
2	1	3326	1859	3590	35	31	
1	1	3458	2116	30	31	
0	1	3673	22	31	
0	1	3956	22	31	
0	1	943	30	35	
0	1	944	30	35	
1	1	1974	3679	30	35	
0	1	2338	22	35	
0	1	2409	30	35	
0	1	2793	31	35	
2	0	3465	6232	3590	35	
2	1	3590	6151	1675	22	35	
0	1	3674	30	35	
0	1	3679	30	35	
3	1	3962	3300	3307	793	30	35	
1	1	6515	1749	30	35	
0	3	230	21	16	1474	36	
0	3	1425	20	16	1474	36	
2	0	1937	1594	230	36	
1	1	2395	2538	19	36	
2	2	2939	3629	1515	34	1474	36	
0	3	3518	20	16	1474	36	
0	3	3750	20	16	1474	36	
0	3	5903	20	16	1474	36	
3	2	7744	2334	2243	1457	16	1474	36	
0	1	230	13	37	
0	1	1937	13	37	
0	1	2338	13	37	
0	1	3465	13	37	
0	1	161	9	38	
0	1	230	37	38	
3	1	416	1727	3629	2574	9	38	
3	1	609	2939	3629	2574	9	38	
2	1	700	2106	399	9	38	
2	0	715	3151	6640	38	
0	2	823	13	7	38	
0	1	942	9	38	
3	1	943	2446	3395	2390	9	38	
2	1	1386	3629	2574	9	38	
2	1	1674	3395	2390	9	38	
0	1	1797	9	38	
2	1	1880	3629	2574	9	38	
0	1	1937	37	38	
1	0	2282	369	38	
1	0	2317	715	38	
2	2	2429	2917	2317	13	7	38	
3	1	2505	3645	3629	2574	9	38	
1	0	2522	3061	38	
0	1	2538	9	38	
2	0	2791	1897	1674	38	
0	1	2793	8	38	
3	1	2938	2420	3629	2574	9	38	
1	1	3061	2390	9	38	
3	0	3164	3340	2332	3274	38	
2	1	3257	6234	3317	9	38	
1	1	3274	2390	9	38	
2	1	3326	1859	3590	12	38	
1	0	3334	3164	38	
0	2	3368	13	7	38	
2	2	3388	1680	3727	11	7	38	
3	1	3390	6746	3315	3590	12	38	
2	1	3458	3307	3590	12	38	
3	1	3469	3337	4862	1021	9	38	
0	1	3590	12	38	
1	1	3673	2735	9	38	
2	1	3674	3629	2574	9	38	
0	1	3956	9	38	
1	1	6337	3473	9	38	
1	0	6629	6640	38	
1	0	6640	2317	38	
1	0	7744	2429	38	
0	2	608	14	7	39	
0	2	2924	14	7	39	
0	1	391	41	40	
3	1	1906	1594	2121	2119	41	40	
0	1	2793	41	40	
0	2	391	40	1120	41	
0	2	608	533	2243	41	
1	1	1812	3590	44	41	
1	0	2119	3746	41	
0	1	2143	44	41	
0	2	2793	40	1120	41	
0	2	2924	533	2243	41	
2	1	2939	3629	3590	44	41	
3	2	3368	3915	4914	2390	534	2243	41	
2	2	3469	3337	3227	536	2243	41	
1	0	5656	3976	41	
2	2	6559	5718	1906	40	1120	41	
0	1	7459	44	41	
0	1	184	54	56	
0	1	1671	54	56	
1	1	3274	7467	51	56	
0	1	3592	54	56	
0	1	2049	61	60	
1	2	2657	1812	18	51	60	
0	2	3518	74	51	60	
0	3	230	18	51	60	61	
3	3	943	2446	3395	1923	18	51	60	61	
2	0	1937	1594	230	61	
0	1	2049	60	61	
2	2	3674	3629	1671	54	60	61	
0	3	3746	86	51	60	61	
0	3	7459	18	51	60	61	
0	1	573	92	91	
0	1	1425	92	91	
0	1	2049	93	91	
2	2	2395	7662	5903	80	85	91	
2	1	2924	6181	3274	85	91	
0	3	3750	288	80	1473	91	
2	1	6799	2332	3274	85	91	
2	2	7744	2322	1735	546	1473	91	
0	2	573	91	1871	92	
0	2	1425	91	1871	92	
2	2	1386	3629	1515	126	1695	156	
2	2	1797	2575	4135	212	1699	156	
0	2	2793	212	1699	156	
1	2	3334	3340	126	1695	156	
2	1	1529	3629	3590	149	213	
2	0	184	5274	1671	216	
2	0	1671	1563	184	216	
0	2	2755	360	2581	216	
0	2	54	1013	284	278	
0	1	303	275	278	
2	2	1529	3629	1671	271	1455	278	
0	1	2538	275	278	
2	2	2755	3337	3469	279	276	278	
2	1	2791	1897	3072	273	278	
0	1	5053	276	278	
1	1	7744	2483	275	278	
0	1	7945	275	278	
2	2	416	1727	1671	431	169	336	
2	0	765	2744	3253	336	
0	2	2143	174	1155	336	
2	2	2429	1669	1671	431	169	336	
3	3	3229	3032	3031	2189	180	2086	1155	336	
3	1	3253	2744	3629	1529	169	336	
3	1	3469	3337	6232	3465	181	336	
0	2	2049	1184	351	354	
0	2	391	441	340	360	
2	0	700	2106	3061	360	
1	1	1812	1671	216	360	
1	1	2467	2054	337	360	
0	1	2755	216	360	
3	3	2924	6181	3274	2390	320	317	338	360	
3	1	3061	1680	3629	1671	216	360	
0	1	3518	361	360	
0	2	3962	348	338	360	
0	1	6712	361	360	
2	0	1937	1594	230	361	
0	1	3518	360	361	
0	1	6712	360	361	
0	2	278	363	364	362	
0	2	565	363	364	362	
0	2	912	366	364	362	
2	0	1674	1897	3928	362	
0	2	1880	363	364	362	
0	2	2065	363	364	362	
1	0	2538	3609	362	
0	2	2691	366	364	362	
0	2	2855	363	364	362	
0	2	3609	366	364	362	
0	2	3693	363	364	362	
0	2	3928	363	364	362	
0	2	278	362	2143	363	
0	2	565	362	2143	363	
0	2	1880	362	2143	363	
0	2	2065	362	2143	363	
0	2	2538	362	2143	363	
0	2	2855	362	2143	363	
0	2	3693	362	2143	363	
0	2	3928	362	2143	363	
0	2	278	362	365	366	
2	0	700	2106	3061	366	
2	0	715	3151	6640	366	
0	2	912	362	365	366	
0	2	2065	362	365	366	
1	0	2538	3609	366	
0	2	2691	362	365	366	
2	2	3061	3296	43	368	365	366	
3	2	3340	2332	3274	6654	372	365	366	
0	2	3609	362	365	366	
2	0	6640	2317	715	366	
0	2	2793	274	1478	402	
2	2	3652	3629	3257	274	1478	410	
2	1	1817	1680	2466	425	427	
2	1	2538	3634	44	434	427	
3	1	3340	2332	3274	2118	434	427	
3	1	3469	3337	6232	3465	428	427	
2	0	715	3151	6640	467	
0	2	1963	1015	461	467	
2	0	6640	2317	715	467	
3	1	82	1843	2238	2889	488	486	
3	2	944	2721	5371	1795	374	357	486	
1	2	2538	3609	374	357	486	
3	3	3679	2937	2599	87	955	1468	958	486	
3	3	2522	1766	3629	1529	494	1898	492	514	
2	0	715	3151	6640	515	
0	2	2793	231	147	515	
2	0	6640	2317	715	515	
3	1	943	2446	3395	6640	515	516	
2	1	3674	3629	1515	151	516	
0	1	943	529	528	
0	1	3674	529	528	
0	3	161	164	530	526	529	
2	0	765	2744	3253	529	
0	1	943	528	529	
0	3	1797	164	530	526	529	
1	0	1897	3910	529	
3	1	2143	3601	3629	1671	526	529	
2	2	2538	3634	44	534	526	529	
0	2	3253	530	526	529	
2	2	3340	2332	3274	168	2172	529	
2	1	3469	3337	3227	526	529	
0	1	3674	528	529	
0	2	3816	530	526	529	
2	0	5006	6021	2538	529	
0	2	765	529	526	530	
0	2	943	528	526	530	
0	2	3253	529	526	530	
2	1	3674	3629	1671	526	530	
0	2	3816	529	526	530	
2	2	5006	6021	2538	529	526	530	
0	3	230	1053	1043	1112	531	
0	3	608	533	530	2043	531	
2	0	1937	1594	230	531	
2	2	2924	6181	3274	294	1451	531	
0	2	3746	1076	1451	531	
2	0	715	3151	6640	532	
0	3	823	164	2043	1451	532	
0	3	912	1054	1043	1112	532	
0	3	3368	164	2043	1451	532	
0	3	3609	1054	1043	1112	532	
0	3	3954	530	2043	1451	532	
2	0	6640	2317	715	532	
0	2	608	41	2243	533	
1	1	1817	2390	534	533	
0	2	2924	41	2243	533	
0	2	3518	1053	1042	540	
2	1	42	4676	1735	546	548	
2	1	1508	4676	1735	546	548	
3	1	2467	6869	3629	1515	546	548	
3	1	2520	1852	3629	1515	546	548	
3	2	6406	2983	2744	3251	552	553	560	
0	2	3976	582	686	563	
1	0	5656	3976	563	
0	3	44	606	563	569	570	
1	0	874	3519	570	
0	1	943	571	570	
3	3	2027	2964	3629	7547	553	563	579	570	
2	2	3519	2850	2818	578	569	570	
1	0	3520	3519	570	
0	1	3674	571	570	
0	1	943	570	571	
0	2	2520	577	569	571	
0	1	3674	570	571	
0	2	3469	574	569	572	
0	1	943	570	573	
2	2	2522	3061	2390	627	564	573	
0	1	3674	570	573	
3	3	3340	3623	1533	2715	552	563	573	574	
0	2	3469	572	573	574	
0	1	943	573	575	
0	1	3674	573	575	
0	2	2793	663	554	661	
2	0	1529	1823	54	662	
1	2	2367	3547	664	554	662	
2	1	3317	6234	3251	555	662	
0	1	2793	661	663	
1	0	874	3519	711	
0	1	3519	712	711	
1	0	3520	3519	711	
0	1	161	719	728	
0	2	416	712	720	728	
0	1	1797	719	728	
2	2	1880	3629	1671	714	720	728	
1	1	2027	1220	718	728	
0	1	2143	723	728	
0	1	2338	719	728	
1	1	2429	2917	717	728	
0	1	2522	717	728	
0	1	2538	729	728	
0	3	2691	771	774	715	728	
0	3	2705	771	774	715	728	
2	1	2755	3337	3469	723	728	
3	2	3326	4046	6151	1675	713	720	728	
0	1	3340	729	728	
1	1	3516	1797	719	728	
0	1	3518	719	728	
0	2	3693	713	720	728	
1	0	3721	2755	728	
0	1	3746	729	728	
1	0	3909	3910	728	
2	1	3928	2929	2409	729	728	
0	2	3976	713	720	728	
1	0	5656	3976	728	
1	1	6406	3469	723	728	
2	2	6712	2050	2055	713	720	728	
0	2	54	749	2136	729	
2	0	765	2744	3253	729	
2	0	1529	1823	54	729	
3	0	2143	3601	3629	1529	729	
3	0	2467	6869	3629	1529	729	
3	0	2522	1766	3629	1529	729	
3	0	2538	4490	3629	1529	729	
3	0	3253	2744	3629	1529	729	
1	0	3343	804	729	
2	0	3674	3629	1529	729	
2	0	5006	6021	2538	729	
1	0	766	1782	759	
1	0	1782	3260	759	
1	1	2367	3547	751	759	
0	2	2949	770	750	759	
1	0	3260	1782	759	
0	3	3683	701	1924	751	759	
2	2	565	3629	1735	702	2364	769	
2	0	700	2106	3061	769	
0	3	912	771	779	768	769	
2	2	1674	1897	3072	780	2045	769	
2	2	1797	2574	1763	781	2045	769	
2	2	1880	3629	1735	702	2364	769	
3	3	2143	3601	3629	1515	697	556	2045	769	
1	0	2538	3609	769	
0	3	2691	771	779	768	769	
2	2	2855	6337	3473	702	2364	769	
3	3	3061	1680	3629	1515	697	556	2045	769	
0	3	3609	771	779	768	769	
0	3	3954	771	779	768	769	
2	2	2791	1897	3072	780	750	770	
0	1	2949	771	770	
2	0	715	3151	6640	771	
2	2	1880	3629	1735	702	1924	771	
1	0	2538	3609	771	
0	1	2949	770	771	
1	2	3340	3623	700	1924	771	
3	2	3368	3914	3304	2988	702	1924	771	
2	0	6640	2317	715	771	
0	1	2657	803	790	
0	3	5681	815	1925	790	791	
0	1	2793	788	792	
0	2	608	800	794	795	
0	2	2924	800	794	795	
2	2	2395	2871	1671	788	794	796	
2	1	416	1727	1671	788	800	
0	1	608	795	800	
0	1	2395	796	800	
2	1	2429	1669	1671	788	800	
0	2	2755	809	788	800	
0	1	2924	795	800	
2	2	3465	3705	2553	703	788	800	
0	2	3518	808	788	800	
0	1	3746	803	800	
3	3	2467	6869	3629	7547	787	783	790	802	
0	1	297	788	803	
0	1	1963	804	803	
0	1	2119	788	803	
0	1	2657	790	803	
0	1	3746	800	803	
0	1	942	805	804	
0	1	1963	803	804	
0	1	2317	805	804	
0	1	2793	788	804	
0	1	3673	805	804	
0	1	3956	805	804	
0	1	131	788	805	
0	1	942	804	805	
0	1	1742	788	805	
2	1	1791	2578	1422	788	805	
0	1	1963	803	805	
0	1	2317	804	805	
0	1	2793	788	805	
0	1	3673	804	805	
0	1	3956	804	805	
2	1	7770	2917	2429	800	805	
1	0	766	1782	813	
1	0	1782	3260	813	
0	1	2520	17	813	
1	0	3260	1782	813	
2	1	303	3629	3258	824	814	
3	3	2522	3061	1680	1817	809	810	824	814	
0	1	3317	824	814	
1	3	3340	3623	806	810	824	814	
3	3	7945	1766	1397	1817	809	810	824	814	
2	0	1937	1594	230	852	
2	0	3721	6249	956	852	
2	0	715	3151	6640	896	
1	0	2317	715	896	
2	1	2924	6181	6337	902	896	
0	3	3746	1068	2524	1269	896	
1	0	6640	2317	896	
1	1	609	2939	900	901	
2	0	715	3151	6640	901	
0	1	823	900	901	
2	1	1386	3629	2766	898	901	
2	1	1797	2573	3931	900	901	
2	1	1937	3160	6406	900	901	
1	1	2282	608	900	901	
1	0	2317	715	901	
0	3	2793	896	1445	898	901	
1	1	2938	2939	900	901	
1	0	3334	3164	901	
0	1	3368	900	901	
0	3	3821	902	1445	898	901	
0	3	5364	896	1445	898	901	
1	1	6337	2855	900	901	
1	0	6640	2317	901	
0	2	42	892	916	917	
0	2	1508	892	916	917	
3	3	3683	1852	3629	1515	255	1445	916	917	
1	0	874	3519	1015	
2	0	1791	2578	874	1015	
1	0	1963	2547	1015	
3	3	3519	1502	3629	1529	469	1013	1014	1015	
1	0	3520	3519	1015	
3	1	3928	2933	3395	6640	1029	1025	
1	2	3334	3164	1062	2594	1026	
0	3	7614	1077	1119	1780	1026	
0	2	2854	1035	1024	1034	
0	2	2854	1034	1453	1035	
3	3	3257	2744	3721	5323	164	2043	1451	1042	
2	2	6657	3629	1515	542	2448	1043	
0	3	230	531	1451	1042	1053	
2	0	1937	1594	230	1053	
0	3	2551	1079	1451	1042	1053	
0	2	3518	540	2449	1053	
0	3	3746	531	1451	1042	1053	
0	3	230	1018	1780	2593	1062	
3	3	565	3629	2574	1763	1018	1780	2593	1062	
2	0	700	2106	3061	1062	
3	0	943	2446	3395	1923	1062	
2	0	1817	1397	3061	1062	
2	0	1923	5133	220	1062	
0	3	1936	1021	1780	2593	1062	
2	0	1937	1594	230	1062	
1	0	2282	369	1062	
0	3	2338	1028	2253	2593	1062	
2	0	2395	3725	2755	1062	
3	3	2657	1812	1811	3377	1018	1780	2593	1062	
3	3	2755	3337	2781	3465	1018	1780	2593	1062	
2	1	2855	2615	4161	1061	1062	
3	0	2924	6181	3274	1903	1062	
2	0	3061	1397	1817	1062	
0	3	3465	1018	1780	2593	1062	
0	3	3518	1018	1780	2593	1062	
3	3	3674	3629	2574	1763	1018	1780	2593	1062	
2	3	3962	3300	305	1019	1780	2593	1062	
3	3	4072	4802	2366	1763	1018	1780	2593	1062	
2	0	6517	1922	1923	1062	
0	3	6850	1018	1780	2593	1062	
2	0	6997	7662	2395	1062	
3	3	7744	2334	1743	3611	1023	1780	2594	1062	
0	1	3518	1066	1063	
0	1	608	1065	1064	
0	1	2924	1065	1064	
0	1	608	1064	1065	
0	1	2924	1064	1065	
3	3	565	3629	3584	3547	1048	1454	1063	1066	
0	1	608	1064	1066	
0	2	943	1075	1063	1066	
2	0	1923	5133	220	1066	
3	0	2657	1812	2633	2855	1066	
2	2	2755	3337	3469	1072	1063	1066	
3	1	2855	6337	6181	2924	1064	1066	
0	1	2924	1064	1066	
3	0	3465	6232	3590	2855	1066	
0	1	3518	1063	1066	
0	2	3674	1075	1063	1066	
2	2	416	1727	1671	1140	1256	1068	
1	0	2119	3746	1068	
2	2	2429	1669	1671	1140	1256	1068	
0	3	3518	1173	2157	1256	1068	
2	0	3721	6249	956	1068	
1	0	5656	3976	1068	
0	1	765	1072	1071	
0	1	943	1075	1071	
0	1	3253	1072	1071	
0	1	3674	1075	1071	
0	1	765	1071	1072	
0	1	2143	1073	1072	
0	1	2538	1073	1072	
0	1	3253	1071	1072	
0	1	3340	1073	1072	
0	1	3469	1073	1072	
0	1	3816	1075	1072	
0	1	5006	1075	1072	
0	1	765	1071	1073	
0	1	1897	1075	1073	
0	1	2143	1072	1073	
0	1	2538	1072	1073	
0	1	3253	1071	1073	
0	1	3340	1072	1073	
0	1	3469	1072	1073	
3	3	1791	2578	6903	3547	1048	1454	1073	1074	
0	1	765	1071	1075	
0	1	943	1071	1075	
0	1	1897	1073	1075	
0	1	2143	1072	1075	
0	1	2538	1072	1075	
0	1	3253	1071	1075	
0	1	3469	1072	1075	
0	1	3674	1071	1075	
0	1	3816	1072	1075	
0	1	5006	1072	1075	
0	1	3746	1079	1076	
0	1	573	1079	1077	
0	3	1936	1021	1768	1076	1077	
0	1	3962	1079	1077	
0	3	391	226	2207	1076	1079	
0	1	573	1077	1079	
1	1	2119	3746	1076	1079	
0	3	2551	1066	1454	1076	1079	
3	3	2939	3629	4429	1763	1018	1768	1076	1079	
0	3	3518	1018	1768	1076	1079	
0	1	3746	1076	1079	
0	1	3962	1077	1079	
1	0	5364	6530	1079	
0	3	6530	1066	1454	1076	1079	
2	2	6997	7662	2266	1059	1076	1079	
3	3	943	2446	3395	6640	1029	1768	1076	1080	
3	3	3674	3629	2574	1763	1018	1768	1076	1080	
1	1	874	1763	1037	1081	
1	0	3520	3519	1081	
2	0	1529	1823	54	1131	
2	0	1529	1823	54	1132	
2	0	765	2744	3253	1220	
3	1	3253	2744	3721	7504	1216	1220	
2	0	715	3151	6640	1222	
2	0	6640	2317	715	1222	
0	2	230	215	1251	1252	
0	2	577	1253	1251	1252	
2	0	700	2106	3061	1252	
2	0	715	3151	6640	1252	
2	0	1154	2240	3344	1252	
2	0	1674	1897	3911	1252	
2	2	1937	1594	230	215	1251	1252	
2	0	3061	4534	3721	1252	
3	2	3340	3623	1533	2715	369	1251	1252	
2	1	3721	4447	2395	1251	1252	
2	0	6640	2317	715	1252	
