0	2	60	114	1481	102	
0	2	155	114	1481	102	
2	0	184	5274	1671	102	
1	1	351	1812	314	102	
0	2	481	108	49	102	
0	1	715	49	102	
0	1	1445	103	102	
0	1	1557	104	102	
0	1	1590	104	102	
1	1	1671	1812	314	102	
0	2	1776	114	1481	102	
1	2	1897	2791	125	1481	102	
0	1	1948	103	102	
1	0	2243	155	102	
0	2	2324	116	1481	102	
0	1	2366	314	102	
2	1	2617	6337	3344	105	102	
1	0	2751	2991	102	
0	2	3364	114	1481	102	
0	2	3391	116	1481	102	
2	2	3964	2900	1902	114	1481	102	
0	2	4212	116	1481	102	
0	1	4938	318	102	
0	2	5053	108	49	102	
0	1	6640	49	102	
3	3	7035	1749	2737	1812	43	405	49	102	
0	2	7482	108	49	102	
0	2	804	125	1481	103	
0	3	820	741	120	1481	103	
0	1	1445	102	103	
0	1	1948	102	103	
1	0	3343	804	103	
2	3	5006	6021	2538	99	405	49	103	
2	1	5571	4777	305	119	103	
0	1	7224	105	103	
0	1	943	105	104	
0	1	1557	102	104	
0	1	1590	102	104	
0	3	1626	114	1481	106	104	
0	1	1718	105	104	
0	1	1948	102	104	
0	1	3674	105	104	
0	2	3749	119	2196	104	
0	1	943	104	105	
2	0	1154	2240	3344	105	
0	1	1718	104	105	
0	2	3344	314	102	105	
0	1	3674	104	105	
0	1	7224	103	105	
0	1	2586	206	178	
0	1	2791	179	178	
0	1	2791	178	179	
1	1	2189	2791	178	180	
0	2	2678	186	178	180	
2	0	3938	2190	2189	180	
2	1	4923	2178	43	203	180	
0	3	7417	184	177	178	180	
3	3	481	2261	3590	1743	175	2543	1518	181	
3	2	1858	3426	3629	1529	169	1518	181	
1	0	1888	386	181	
2	2	2083	3629	1529	169	1518	181	
0	2	2324	169	1518	181	
3	2	2617	7814	2017	1529	169	1518	181	
0	3	2678	186	1487	1518	181	
2	2	2679	3629	1529	169	1518	181	
1	1	2718	1561	335	181	
3	3	3465	6232	3590	1743	175	2543	1518	181	
1	0	3611	471	181	
2	2	4163	3629	1529	169	1518	181	
0	3	4177	175	2543	1518	181	
2	2	4923	3629	1529	169	1518	181	
0	2	6449	176	1518	181	
1	0	2189	2791	182	
2	0	3938	2190	2189	182	
3	0	7770	2917	1731	2189	182	
0	1	54	184	183	
0	1	563	184	183	
0	1	586	184	183	
0	2	820	194	177	183	
0	1	1389	184	183	
0	3	1490	169	1155	177	183	
0	1	1492	184	183	
0	1	1529	184	183	
0	1	2538	184	183	
2	1	2553	1885	3708	184	183	
0	2	2685	204	177	183	
1	0	2843	6728	183	
0	1	3662	184	183	
1	1	4320	809	184	183	
0	1	4855	184	183	
0	1	5011	184	183	
0	1	5053	184	183	
1	0	6728	2685	183	
0	1	6756	186	183	
2	3	14	1419	3928	205	177	183	184	
0	3	43	197	177	183	184	
0	1	54	183	184	
0	2	60	186	183	184	
3	1	62	1591	1575	1389	183	184	
2	2	126	3118	2854	177	183	184	
1	1	139	2538	183	184	
0	1	155	185	184	
2	0	184	5274	1671	184	
0	3	204	187	177	183	184	
0	1	205	185	184	
1	3	222	3284	187	177	183	184	
0	3	295	203	177	183	184	
1	0	351	1812	184	
1	0	463	2574	184	
0	1	481	185	184	
2	0	488	2864	2630	184	
0	1	563	183	184	
0	3	581	203	177	183	184	
0	1	586	183	184	
0	2	597	186	183	184	
0	1	614	185	184	
0	3	685	187	177	183	184	
0	1	791	188	184	
0	2	793	186	183	184	
0	3	804	203	177	183	184	
1	0	809	1671	184	
0	3	875	194	177	183	184	
0	2	878	471	183	184	
0	1	943	1158	184	
0	3	968	195	177	183	184	
0	2	1145	192	183	184	
0	1	1242	185	184	
0	1	1389	183	184	
1	0	1414	3350	184	
0	3	1463	187	177	183	184	
0	1	1492	183	184	
1	0	1510	3350	184	
2	0	1513	3663	3350	184	
0	1	1529	183	184	
1	0	1538	62	184	
0	1	1558	185	184	
0	1	1590	185	184	
0	1	1626	185	184	
1	0	1671	1812	184	
1	1	1735	101	185	184	
2	0	1759	4104	3321	184	
0	1	1776	185	184	
1	0	1812	1671	184	
1	0	1858	3350	184	
2	1	1880	3629	1529	183	184	
1	1	1888	820	183	184	
1	0	1897	3072	184	
1	0	1902	3611	184	
2	1	1948	3629	1529	183	184	
0	1	2083	188	184	
0	1	2099	185	184	
1	0	2189	1671	184	
0	3	2214	194	177	183	184	
1	0	2243	155	184	
0	1	2268	185	184	
0	1	2324	185	184	
2	1	2366	3629	1529	183	184	
0	2	2424	186	183	184	
1	2	2467	2055	471	183	184	
0	2	2522	182	183	184	
2	0	2535	5859	5076	184	
0	1	2538	183	184	
0	1	2545	185	184	
1	0	2574	463	184	
2	1	2586	3629	1529	183	184	
2	1	2602	3629	1529	183	184	
1	0	2617	6337	184	
2	0	2630	2864	488	184	
0	2	2678	186	183	184	
0	1	2715	185	184	
0	2	2717	186	183	184	
1	2	2718	1561	186	183	184	
0	1	2741	185	184	
1	1	2751	2991	185	184	
3	0	2818	1922	4167	1671	184	
0	2	2902	200	188	184	
3	0	2925	3371	2983	1671	184	
0	1	2960	185	184	
0	2	2980	186	183	184	
1	0	3020	1510	184	
3	0	3023	2781	2031	2574	184	
0	1	3245	185	184	
2	0	3251	2744	3258	184	
2	0	3258	2744	3251	184	
1	1	3274	4855	183	184	
2	0	3321	4949	139	184	
1	0	3343	804	184	
1	0	3350	1510	184	
0	1	3364	185	184	
0	1	3391	185	184	
2	1	3529	1799	2553	183	184	
1	0	3611	809	184	
3	2	3641	2245	3590	3592	182	183	184	
0	1	3662	183	184	
0	1	3674	1158	184	
2	1	3708	1885	2553	183	184	
2	2	3938	2190	2189	182	183	184	
1	0	3949	2083	184	
0	1	3958	185	184	
2	0	3964	2900	1902	184	
2	1	4163	3629	1529	183	184	
0	2	4177	201	188	184	
0	1	4212	185	184	
0	3	4266	206	177	183	184	
0	3	4280	196	177	183	184	
0	1	4320	183	184	
1	0	4755	1510	184	
0	1	4855	183	184	
0	1	4923	188	184	
1	3	4993	7465	193	177	183	184	
0	1	5011	183	184	
0	3	5018	195	177	183	184	
0	1	5053	183	184	
0	3	5076	196	177	183	184	
1	1	5736	3662	183	184	
1	3	6026	7656	187	177	183	184	
3	0	6041	1905	4733	2243	184	
1	0	6337	2617	184	
0	2	6629	182	183	184	
0	1	6769	185	184	
0	1	6921	188	184	
3	0	6928	4862	2001	1671	184	
2	2	7017	3725	2791	182	183	184	
2	0	7035	1749	1735	184	
0	3	7224	187	177	183	184	
0	1	7417	188	184	
0	1	7482	185	184	
1	0	7647	1888	184	
0	2	7671	186	183	184	
0	3	7723	203	177	183	184	
0	2	155	184	1158	185	
0	2	205	184	1158	185	
0	2	481	184	1158	185	
0	2	614	184	1158	185	
0	2	1242	184	1158	185	
0	2	1558	184	1158	185	
0	2	1590	184	1158	185	
0	2	1626	184	1158	185	
0	2	1776	184	1158	185	
2	2	1902	3291	4320	183	1158	185	
2	2	1987	2243	155	184	1158	185	
2	2	2099	3705	2553	183	1158	185	
0	2	2268	184	1158	185	
0	2	2324	184	1158	185	
0	2	2545	184	1158	185	
2	2	2617	3307	793	184	1158	185	
0	2	2715	184	1158	185	
0	2	2741	184	1158	185	
2	2	2843	6728	2685	183	1158	185	
0	2	2960	184	1158	185	
0	3	2991	201	188	1158	185	
0	2	3245	184	1158	185	
2	2	3348	3629	1529	183	1158	185	
0	2	3364	184	1158	185	
0	2	3391	184	1158	185	
0	2	3662	183	1158	185	
1	2	3748	3749	184	1158	185	
0	2	3958	184	1158	185	
0	2	4212	184	1158	185	
2	2	4755	3629	1529	183	1158	185	
0	2	5011	183	1158	185	
0	2	6769	184	1158	185	
0	2	7482	184	1158	185	
0	1	60	184	186	
0	1	597	184	186	
0	1	793	184	186	
0	2	1561	204	177	186	
0	2	1597	169	1487	186	
0	1	1626	184	186	
1	0	2012	3309	186	
0	1	2424	184	186	
0	1	2678	184	186	
0	1	2717	184	186	
0	1	2718	184	186	
0	1	2980	184	186	
2	0	3309	3372	2012	186	
0	1	3662	183	186	
0	1	5011	183	186	
0	2	5078	204	177	186	
1	0	5656	3976	186	
1	1	5736	3662	183	186	
0	1	6756	183	186	
0	1	7671	184	186	
3	0	62	2264	4147	2538	187	
0	1	155	199	187	
2	1	351	1812	1671	200	187	
0	1	481	201	187	
2	0	488	2864	2630	187	
1	0	809	2715	187	
3	0	938	7266	3629	3350	187	
3	1	943	2446	3395	6640	200	187	
1	0	1538	62	187	
0	1	1776	199	187	
1	0	1858	3350	187	
1	0	1888	763	187	
3	1	1897	1674	3395	6640	200	187	
2	0	1948	3629	3350	187	
1	0	1987	2243	187	
3	0	2027	2964	6830	3350	187	
0	1	2083	199	187	
1	0	2243	155	187	
2	0	2331	3629	3350	187	
3	0	2367	3547	3629	3350	187	
0	1	2538	200	187	
0	1	2617	201	187	
2	0	2630	2864	488	187	
1	0	2679	7547	187	
3	0	2715	2768	6206	2846	187	
2	0	2738	3611	471	187	
3	1	2818	1922	4167	1671	200	187	
1	0	2846	558	187	
1	0	3020	2960	187	
2	1	3245	6181	3274	200	187	
2	0	3246	3291	4320	187	
3	1	3284	917	2001	1671	200	187	
1	0	3348	3350	187	
1	0	3350	3348	187	
0	1	3641	199	187	
2	0	3674	3629	3350	187	
0	1	4177	201	187	
1	0	4320	809	187	
1	0	4755	2679	187	
2	0	4923	2178	3020	187	
2	0	5006	6021	2538	187	
0	1	5053	200	187	
3	0	5571	2692	3337	2755	187	
3	0	6654	674	3113	7547	187	
3	0	7035	1749	1720	938	187	
1	0	7547	2679	187	
1	0	7591	2846	187	
0	1	481	184	188	
0	1	791	184	188	
2	2	1628	3629	1529	183	184	188	
0	1	1858	184	188	
0	1	2083	184	188	
0	1	2617	184	188	
0	1	4923	184	188	
0	1	5053	184	188	
0	1	6921	184	188	
0	1	7417	184	188	
0	1	162	190	189	
0	2	597	184	188	189	
2	2	2012	6515	2366	184	188	189	
0	1	2586	200	189	
0	2	2717	184	188	189	
0	2	2980	184	188	189	
0	2	3251	184	188	189	
0	1	3662	185	189	
0	1	5011	185	189	
1	1	5736	3662	185	189	
0	2	7671	184	188	189	
0	1	162	189	190	
2	2	2738	1731	2189	182	2251	191	
3	1	4755	5214	3725	2791	182	192	
0	2	820	183	193	194	
0	2	875	184	193	194	
0	2	2214	184	193	194	
3	3	2543	5768	6001	1515	203	177	195	194	
0	2	3023	184	193	194	
0	2	481	184	177	195	
0	2	968	184	177	195	
0	2	1145	184	177	195	
2	2	2617	3307	793	184	177	195	
2	2	3611	809	2678	180	177	195	
0	2	5018	184	177	195	
0	2	6921	184	177	195	
0	1	471	198	196	
0	1	481	184	196	
0	1	2535	184	196	
0	1	2617	184	196	
0	1	2679	198	196	
0	1	3245	184	196	
0	1	4280	184	196	
0	1	5076	184	196	
0	2	43	184	196	197	
2	2	303	3629	1529	183	196	197	
1	0	766	1782	197	
2	2	1510	3629	1529	183	196	197	
1	0	1782	3260	197	
2	2	1987	2243	155	184	196	197	
1	0	3260	1782	197	
3	3	7945	1766	3629	1529	169	1487	196	197	
0	1	471	196	198	
0	1	481	196	198	
0	3	687	203	177	196	198	
2	2	907	3590	3592	182	196	198	
0	1	2617	196	198	
0	1	2679	196	198	
1	2	3031	2189	182	196	198	
0	2	3641	184	196	198	
3	3	6654	674	3113	5846	169	1487	196	198	
0	3	7556	187	177	196	198	
0	1	155	187	200	
2	0	184	5274	1671	200	
2	0	715	3151	6640	200	
0	1	1511	201	200	
2	1	1671	7701	1888	187	200	
0	1	1776	187	200	
2	1	2040	3629	3350	187	200	
0	1	2538	187	200	
2	1	2586	3629	3350	187	200	
1	1	3274	1538	187	200	
0	1	3516	201	200	
0	1	5053	187	200	
2	1	6640	2317	2331	187	200	
0	3	2545	184	177	178	202	
0	3	43	184	177	178	203	
0	1	204	206	203	
0	3	295	184	177	178	203	
0	3	581	184	177	178	203	
0	3	687	198	177	178	203	
0	3	804	184	177	178	203	
3	3	938	7266	3629	1529	183	177	178	203	
1	2	943	2081	465	178	203	
0	2	1145	192	178	203	
0	1	1389	205	203	
2	0	1414	3350	1510	203	
1	2	1510	4755	192	178	203	
2	1	1515	1419	3928	205	203	
2	0	1718	3629	1510	203	
3	3	1855	3909	7462	1897	184	177	178	203	
1	1	1888	2189	180	203	
1	1	1897	2791	178	203	
1	1	1987	2243	205	203	
2	0	2083	3629	1510	203	
0	1	2499	205	203	
3	1	2538	7573	809	2678	180	203	
3	3	2818	1922	4167	1671	184	177	178	203	
1	1	3031	2189	180	203	
3	3	3340	2332	3274	4855	183	177	178	203	
1	0	3343	804	203	
1	0	3674	1824	203	
0	1	4855	205	203	
3	3	5571	4941	3138	1671	184	177	178	203	
1	2	6449	2738	191	178	203	
0	3	6710	187	177	178	203	
2	2	7547	1625	4755	192	178	203	
0	3	7723	184	177	178	203	
0	2	1561	186	178	204	
0	2	2424	186	178	204	
0	3	2685	183	177	178	204	
1	0	2718	1561	204	
0	1	2843	206	204	
0	2	3662	186	178	204	
2	1	3964	2900	7547	203	204	
0	2	5011	186	178	204	
0	2	5078	186	178	204	
2	1	7017	3725	2791	178	204	
0	2	7671	186	178	204	
2	2	126	3118	2854	177	178	205	
0	3	205	184	177	178	205	
0	1	351	206	205	
2	0	488	2864	2630	205	
0	1	1389	203	205	
2	1	1445	1922	2818	203	205	
2	2	1735	3118	2854	177	178	205	
3	1	1902	3611	809	2678	180	205	
1	1	2243	271	203	205	
0	1	2499	203	205	
2	0	2630	2864	488	205	
3	2	3928	2930	3118	2854	177	178	205	
0	1	4855	203	205	
0	3	6769	184	177	178	205	
2	0	184	5274	1671	206	
0	1	204	203	206	
1	0	222	3284	206	
0	1	351	205	206	
1	1	1671	687	203	206	
1	1	1888	2189	180	206	
0	1	1987	203	206	
1	1	2243	271	203	206	
0	1	2586	178	206	
0	1	2791	178	206	
0	1	2843	204	206	
3	3	3284	917	6343	463	184	177	178	206	
0	3	3391	184	177	178	206	
0	3	4212	184	177	178	206	
0	3	4266	184	177	178	206	
3	3	5053	1500	3629	1529	183	177	178	206	
1	1	5736	1561	204	206	
1	1	6728	2685	204	206	
2	1	6449	2738	226	1147	207	
0	2	271	966	235	264	
2	2	351	3307	793	255	235	264	
0	1	481	263	264	
2	0	488	2864	2630	264	
0	3	558	275	1107	235	264	
0	1	943	258	264	
3	2	1145	2634	2764	2765	247	235	264	
2	2	1445	2850	1459	417	235	264	
0	1	1561	265	264	
2	2	1855	3909	3911	966	235	264	
1	0	1987	2243	264	
3	3	2054	7681	2178	2917	275	1107	235	264	
0	1	2083	266	264	
0	1	2099	258	264	
0	1	2147	265	264	
1	1	2189	1671	260	264	
1	1	2243	4	260	264	
2	2	2331	3629	1515	255	235	264	
0	1	2424	265	264	
3	2	2579	2762	3629	1515	255	235	264	
1	1	2617	6337	259	264	
2	0	2630	2864	488	264	
1	0	2718	1561	264	
1	1	2820	2738	263	264	
1	0	2846	558	264	
0	2	2950	417	235	264	
0	1	2980	265	264	
1	1	3031	1671	260	264	
0	1	3134	265	264	
2	2	3245	6181	3274	247	235	264	
2	2	3309	3337	3227	247	235	264	
0	1	3522	265	264	
0	2	3625	417	235	264	
0	1	3662	260	264	
0	1	3674	258	264	
0	1	3708	258	264	
2	2	3938	2190	2189	255	235	264	
1	0	3949	2083	264	
1	1	3964	7522	263	264	
0	3	3976	275	1107	235	264	
0	2	4089	966	235	264	
0	2	4139	417	235	264	
1	0	4163	4139	264	
1	0	4263	6406	264	
2	2	4320	3629	1515	255	235	264	
0	1	4495	258	264	
1	1	4755	3274	263	264	
2	2	4923	3629	1515	255	235	264	
0	3	4938	275	1107	235	264	
1	0	4993	7465	264	
0	2	4996	966	235	264	
0	1	5011	260	264	
2	1	5053	1500	3547	266	264	
0	1	5078	265	264	
1	0	5656	3976	264	
1	1	5736	3662	260	264	
1	0	6026	7656	264	
3	0	6041	1905	4733	2243	264	
1	1	6406	3886	258	264	
1	0	6494	2243	264	
1	0	6728	2685	264	
0	2	6756	962	235	264	
0	3	6921	275	1107	235	264	
1	2	7035	1749	247	235	264	
0	2	7417	417	235	264	
0	2	7465	417	235	264	
1	0	7591	2846	264	
1	0	7656	6026	264	
2	0	766	1782	3260	267	
0	1	4177	317	329	
1	0	766	1782	330	
1	0	1782	3260	330	
1	0	3260	1782	330	
1	2	2827	1742	346	329	331	
3	1	3309	3372	3629	1735	355	356	
2	2	1510	3629	1515	365	1993	368	
2	2	1812	1671	687	372	1883	368	
2	2	4923	3629	1515	365	1993	368	
2	2	2083	3629	1529	376	1492	369	
3	0	2715	2768	6164	3958	369	
0	3	54	1147	1488	1162	376	
2	0	766	1782	3260	376	
0	1	943	1162	376	
2	2	1529	3629	1671	319	1162	376	
2	2	2586	3629	1671	319	1162	376	
1	2	3260	1782	1255	1377	376	
3	3	3309	3372	3629	2766	157	1488	1162	376	
0	1	3674	1162	376	
3	3	3964	2900	7547	3015	1147	1488	1162	376	
1	1	4923	3143	1162	376	
3	3	7035	1749	3629	2766	157	1488	1162	376	
0	1	2083	417	419	
3	2	2586	3629	1735	1749	247	417	419	
3	1	1858	3426	3629	2118	455	479	
1	0	766	1782	484	
1	0	1782	3260	484	
1	0	3260	1782	484	
0	1	766	484	485	
0	1	1782	484	485	
1	1	3260	1782	484	485	
1	0	3343	804	522	
1	0	2718	1561	724	
0	3	3662	735	715	722	724	
0	3	5011	735	715	722	724	
1	0	5736	1561	724	
2	1	3251	6234	3317	739	738	
2	3	139	2868	1812	43	405	740	741	
3	3	226	2738	1926	1812	43	405	740	741	
3	3	303	3629	1671	1812	43	405	740	741	
0	3	1710	332	1481	2092	741	
2	2	1987	2243	807	405	2092	741	
0	2	2522	125	2092	741	
3	3	2602	3629	2565	1812	43	405	740	741	
1	0	2663	2601	741	
2	3	3473	3476	1812	43	405	740	741	
2	2	3555	3558	1220	405	2092	741	
3	3	4135	4862	2001	1671	97	1842	2092	741	
1	0	6337	3473	741	
2	0	6449	2738	226	741	
3	3	6481	2346	3118	2854	112	1481	2092	741	
3	3	7035	1749	2737	1812	43	405	740	741	
3	3	7770	2917	2317	715	49	1481	2092	741	
2	3	7945	6995	2080	43	405	740	741	
2	2	2586	3629	1735	702	1924	777	
0	1	6449	780	778	
2	2	2520	1852	3688	869	879	880	
2	1	4163	3629	1671	884	881	
3	3	791	3517	4135	4899	890	1471	894	902	
3	3	1858	3426	3629	1515	255	1445	894	902	
2	2	3388	1680	3727	892	894	902	
0	2	3964	939	894	902	
3	3	4170	7360	2738	226	255	1445	894	902	
2	1	6337	6181	2924	896	902	
0	3	7671	255	1445	894	902	
3	1	1145	2634	2764	2766	898	911	
0	1	1628	977	975	
0	1	481	978	976	
0	1	2617	978	976	
2	1	3641	2245	3590	979	976	
0	1	3749	978	976	
0	1	6041	978	976	
0	1	6116	978	976	
0	1	1628	975	977	
0	1	481	976	978	
0	1	2617	976	978	
0	1	3749	976	978	
0	1	6041	976	978	
0	1	6116	976	978	
3	2	3529	3226	4777	305	424	2024	1202	
2	3	126	3118	296	1211	1185	1466	1221	
1	0	766	1782	1221	
3	0	942	2736	3770	3673	1221	
0	1	1511	1215	1221	
0	1	1513	1215	1221	
2	0	1562	3629	1735	1221	
3	3	1735	1740	3629	1529	684	1185	1466	1221	
1	0	1782	3260	1221	
3	3	1987	2243	2834	2820	173	2370	1225	1221	
3	3	2522	1766	3629	1529	684	1185	1466	1221	
1	0	3260	1782	1221	
3	1	3673	2735	7686	2917	1226	1221	
2	0	6337	3629	1735	1221	
2	0	7035	1749	1735	1221	
1	1	7770	2917	1226	1221	
2	1	2331	3629	1735	1221	1224	
2	3	4755	3629	1515	255	2145	2070	1236	
2	2	1628	3629	1529	1132	1459	1249	
3	2	1858	3426	3629	1529	1132	1459	1249	
2	2	2083	3629	1529	1132	1459	1249	
2	2	4320	809	3617	135	1876	1249	
