3	1	62	1591	3629	2574	22	30	
0	1	133	32	30	
2	0	184	5274	1671	30	
2	2	195	2985	1212	29	2313	30	
0	1	202	32	30	
0	1	296	32	30	
3	0	308	3611	809	1671	30	
0	1	413	32	30	
2	1	418	3629	2574	22	30	
2	0	499	4298	133	30	
0	1	530	32	30	
2	0	700	2106	3061	30	
2	0	715	3151	6640	30	
1	0	766	1782	30	
2	1	793	3307	3590	35	30	
0	1	823	32	30	
0	1	943	35	30	
0	1	944	35	30	
2	0	1068	3584	5836	30	
1	0	1497	1671	30	
1	1	1529	1974	35	30	
1	0	1538	62	30	
1	0	1671	1497	30	
0	1	1675	22	30	
0	1	1749	32	30	
1	0	1782	3260	30	
1	0	1812	1671	30	
2	0	1829	2377	2420	30	
3	1	1831	4738	5951	1675	22	30	
3	1	2027	2964	3629	2574	22	30	
3	1	2028	1758	3629	2574	22	30	
0	1	2080	32	30	
1	0	2116	3458	30	
2	1	2344	3629	2574	22	30	
3	1	2367	3547	3629	2574	22	30	
2	1	2378	3629	2574	22	30	
1	0	2380	700	30	
3	0	2408	4534	5214	1671	30	
0	1	2409	32	30	
1	1	2420	2938	22	30	
3	1	2421	3410	3629	2574	22	30	
2	1	2466	3629	2574	22	30	
1	1	2467	2056	22	30	
1	0	2522	3061	30	
1	0	2565	1812	30	
3	1	2614	4041	2599	597	22	30	
1	0	2633	1812	30	
2	0	2689	2521	1671	30	
1	0	2765	3139	30	
0	1	2766	32	30	
0	2	2902	29	2313	30	
1	1	3015	3590	35	30	
2	1	3023	2781	3465	35	30	
2	0	3061	1680	2466	30	
0	1	3069	32	30	
1	0	3105	2902	30	
1	0	3260	1782	30	
1	0	3274	1538	30	
0	1	3368	32	30	
0	1	3388	32	30	
1	0	3458	2116	30	
2	1	3516	1797	2574	22	30	
0	1	3674	35	30	
0	1	3679	35	30	
2	1	3688	3629	2574	22	30	
0	1	3966	32	30	
0	3	4938	17	33	1807	30	
1	0	6515	1749	30	
1	0	6640	2614	30	
0	1	7468	32	30	
0	1	7783	32	30	
0	1	6515	43	46	
0	1	672	99	95	
0	1	3015	99	95	
2	1	2939	3629	1671	97	96	
0	2	7459	274	98	96	
0	1	7744	122	96	
0	3	44	99	405	125	97	
2	0	184	5274	1671	97	
0	3	672	95	405	125	97	
0	3	691	100	405	125	97	
2	0	1068	3584	5836	97	
2	0	1671	1563	184	97	
1	2	2027	1220	405	125	97	
0	1	2765	98	97	
2	0	3015	3629	1671	97	
2	0	3050	3629	1671	97	
0	3	3105	99	405	125	97	
1	2	3516	1797	274	98	97	
0	2	6515	107	96	97	
0	1	2765	97	98	
2	1	2080	3629	3590	149	214	
3	1	2134	3484	4755	3274	149	214	
0	1	2367	233	214	
3	1	2421	3410	3629	3590	149	214	
1	1	2766	3590	149	214	
1	1	3966	2143	150	214	
0	1	44	244	242	
0	1	2027	244	242	
0	1	2765	247	242	
2	1	2766	3590	3592	241	242	
1	1	3966	2143	245	242	
0	1	184	244	243	
0	1	226	256	243	
0	1	597	420	243	
1	0	1671	5830	243	
3	0	2015	3309	3372	6406	243	
3	1	2419	3412	3629	2766	242	243	
3	1	3465	6232	3590	3592	241	243	
0	1	3522	253	243	
0	1	3592	241	243	
0	1	4177	419	243	
1	1	6406	3886	247	243	
0	1	6481	256	243	
0	1	7671	256	243	
0	1	44	242	244	
0	1	184	243	244	
0	2	793	255	241	244	
0	1	1317	250	244	
0	1	1671	243	244	
0	1	2027	242	244	
3	1	2408	4534	5214	1671	243	244	
1	1	3274	3753	242	244	
3	1	3281	2744	3629	2766	242	244	
0	1	3516	245	244	
0	1	3592	241	244	
0	1	3912	247	244	
2	1	5006	6021	2538	256	244	
1	0	5656	3976	244	
0	1	6452	250	244	
0	1	2143	256	245	
3	1	3283	3909	7462	1897	256	245	
3	1	3326	1859	3590	3592	241	245	
0	1	3516	244	245	
0	2	101	251	241	246	
3	1	308	3611	809	1671	243	246	
0	3	2161	897	240	241	246	
3	1	2367	3547	2366	530	242	246	
0	2	2380	251	241	246	
1	2	3105	2902	247	241	246	
2	1	3555	2366	530	242	246	
2	1	3688	3629	2766	242	246	
1	1	7627	2143	245	246	
0	2	7650	247	241	246	
2	1	1068	3584	1459	417	247	
1	1	1749	1735	255	247	
2	1	2040	3629	1515	255	247	
3	0	2520	1852	3395	3912	247	
2	1	2602	3629	1515	255	247	
2	0	2765	7814	3886	247	
2	0	3227	7686	1749	247	
2	0	3274	7686	1749	247	
3	1	3516	1797	2574	3673	255	247	
2	0	3886	5718	2765	247	
3	1	3912	3095	2850	1459	417	247	
0	1	44	242	248	
0	1	2027	242	248	
0	1	2040	247	248	
0	1	139	256	249	
0	1	223	250	249	
0	1	1068	247	249	
2	1	1711	2514	3688	246	249	
0	1	1759	256	249	
0	1	1926	250	249	
0	1	2040	247	249	
2	1	2889	2238	3886	247	249	
0	1	3516	244	249	
0	1	44	242	250	
0	1	223	249	250	
0	1	1317	244	250	
0	1	1926	249	250	
0	1	2027	242	250	
0	1	2040	248	250	
3	1	2347	2720	3629	2766	242	250	
2	1	3015	3590	3592	241	250	
0	1	3516	244	250	
0	1	6452	244	250	
0	3	101	246	241	250	251	
3	2	2380	917	2001	1671	243	250	251	
0	1	3516	250	251	
0	2	3912	244	250	251	
2	2	6515	2366	530	242	250	251	
3	3	2027	2964	3629	2118	455	468	1013	284	
3	3	6515	1749	1720	308	453	468	1013	284	
2	2	1386	3629	3050	302	290	287	
0	1	87	304	302	
0	1	1615	304	302	
0	1	2765	303	302	
2	1	3050	3590	3591	78	302	
1	1	3274	6100	225	302	
0	1	3829	304	302	
0	1	202	304	303	
0	1	413	304	303	
0	1	499	304	303	
0	1	944	304	303	
0	1	1864	304	303	
0	1	2080	304	303	
2	2	2116	2516	2924	225	78	303	
2	1	2344	3629	3050	302	303	
1	1	2367	3547	300	303	
0	1	2420	304	303	
0	1	2505	304	303	
0	1	2565	304	303	
0	1	2689	304	303	
0	1	2765	302	303	
0	1	2902	304	303	
0	1	3069	304	303	
0	1	3274	302	303	
0	1	3679	304	303	
3	2	3912	3095	2850	2818	292	78	303	
0	1	7468	304	303	
0	1	44	306	304	
0	1	87	302	304	
0	1	202	303	304	
0	1	413	303	304	
0	1	499	303	304	
0	1	672	306	304	
0	1	944	303	304	
0	1	1615	302	304	
0	1	1864	303	304	
0	1	2027	306	304	
0	1	2080	303	304	
0	1	2420	303	304	
0	1	2421	306	304	
0	1	2505	303	304	
0	1	2565	303	304	
0	1	2689	303	304	
0	1	2765	302	304	
0	1	2902	303	304	
0	1	3015	306	304	
0	1	3069	303	304	
1	1	3105	2902	303	304	
0	1	3274	302	304	
0	1	3586	306	304	
0	1	3679	303	304	
0	1	3829	302	304	
1	1	3962	3300	78	304	
1	0	6104	1129	304	
2	2	6515	7528	2818	292	78	304	
0	1	7468	303	304	
0	1	2765	302	305	
2	1	1068	3584	6452	89	308	
2	1	1623	3484	4755	546	308	
2	2	195	2985	1212	85	308	309	
2	1	2134	3484	4755	546	309	
2	1	2421	3412	4644	80	309	
2	1	42	4676	1903	68	310	
0	1	101	63	310	
0	1	139	63	310	
0	1	161	77	310	
2	1	226	2738	6375	68	310	
0	1	1068	67	310	
2	1	1508	4676	1903	68	310	
0	1	1759	63	310	
0	1	1797	77	310	
0	1	1829	311	310	
0	1	2008	313	310	
3	3	2028	1758	3629	1671	54	51	77	310	
1	1	2040	4525	77	310	
2	1	2378	3629	3050	64	310	
0	1	2522	77	310	
1	0	2765	3139	310	
0	1	3388	312	310	
1	1	3516	1797	77	310	
0	1	3592	65	310	
1	1	3727	3688	67	310	
0	3	3821	55	51	77	310	
0	1	3962	68	310	
3	3	4667	3042	3629	1671	54	51	77	310	
2	2	4899	3337	2755	52	77	310	
3	3	5776	2524	3919	305	18	51	77	310	
2	1	6337	3629	3050	64	310	
0	1	6375	68	310	
0	3	6481	55	51	77	310	
1	1	6515	2012	289	310	
0	1	139	63	311	
0	1	1759	63	311	
0	1	1829	310	311	
2	2	1623	2761	1812	81	1987	312	
2	1	2040	3629	3050	64	312	
2	1	2941	5133	691	64	312	
2	2	3020	3725	2755	71	311	312	
2	2	3388	1680	2466	63	1987	312	
2	1	3547	3629	3050	64	312	
1	0	766	1782	318	
2	2	1497	1563	184	102	2195	318	
1	0	1782	3260	318	
0	1	2344	314	318	
3	3	2614	3078	3395	6640	49	102	2194	318	
0	2	2751	102	2195	318	
2	2	2765	3138	1671	102	2195	318	
2	2	2766	3629	1671	102	2195	318	
3	2	3023	2781	3337	2755	119	314	318	
1	3	3105	2902	49	102	2194	318	
1	0	3260	1782	318	
0	1	3274	314	318	
0	2	4177	118	314	318	
0	2	4938	102	2195	318	
3	2	5776	2524	3919	305	119	314	318	
3	3	62	1591	3629	2766	157	159	1348	319	
2	0	184	5274	1671	319	
0	3	530	157	159	1348	319	
0	1	1386	359	319	
1	0	1538	62	319	
2	1	1623	2761	6337	359	319	
1	1	1671	687	887	319	
2	0	2390	1672	1671	319	
0	3	2409	1147	1488	1348	319	
2	0	2766	3629	1671	319	
0	3	2902	1147	1488	1348	319	
0	3	3518	167	159	1348	319	
2	0	3547	2366	530	319	
2	0	3558	2366	530	319	
0	3	3966	157	159	1348	319	
0	1	44	322	320	
0	1	87	321	320	
0	1	399	323	320	
0	1	577	322	320	
2	0	604	2106	399	320	
0	1	672	321	320	
0	1	1615	321	320	
2	1	1623	2761	6337	322	320	
0	1	2027	322	320	
1	0	2390	1615	320	
2	0	2692	1816	2917	320	
0	1	2765	321	320	
1	1	2917	2466	323	320	
0	1	3015	321	320	
0	1	3069	322	320	
1	0	3274	2390	320	
0	1	3388	322	320	
0	1	3753	322	320	
0	1	4525	323	320	
0	1	4529	322	320	
3	2	4899	3337	6232	3465	317	321	320	
3	1	5604	4147	3590	6337	322	320	
0	1	7650	321	320	
0	1	87	320	321	
0	1	672	320	321	
0	1	1615	320	321	
0	1	2765	320	321	
0	1	3015	320	321	
1	1	6515	2012	317	321	
0	1	7650	320	321	
0	1	44	320	322	
2	0	195	2988	6337	322	
0	1	308	323	322	
0	1	577	320	322	
1	0	766	1782	322	
1	0	1782	3260	322	
0	1	2027	320	322	
3	3	2028	1758	3629	1671	216	361	2436	322	
1	1	2040	4525	320	322	
0	1	2161	323	322	
2	1	2344	3634	44	320	322	
1	1	2367	3547	323	322	
2	1	2378	2332	3274	320	322	
2	1	2380	102	2917	320	322	
0	1	2408	323	322	
3	3	2419	3412	2001	1671	216	361	2436	322	
2	1	2565	1907	2390	320	322	
0	1	2765	320	322	
0	1	3069	320	322	
1	0	3260	1782	322	
1	1	3274	2390	320	322	
0	1	3388	320	322	
1	0	3688	3727	322	
1	0	3727	3688	322	
0	1	3753	320	322	
0	3	3821	343	2421	2420	322	
0	1	4529	320	322	
2	1	6337	3138	2765	320	322	
2	2	6449	2738	6375	347	2420	322	
2	1	6452	3584	3547	323	322	
1	1	6515	2012	317	322	
0	1	308	322	323	
0	1	399	320	323	
2	1	418	3629	2565	322	323	
0	1	766	322	323	
2	1	1829	2377	2419	322	323	
0	1	2161	322	323	
1	1	2390	1615	320	323	
0	1	2408	322	323	
1	1	2466	2917	320	323	
3	1	2614	4041	2599	87	320	323	
0	2	2793	1169	321	323	
0	2	2949	328	321	323	
1	1	3260	1782	322	323	
2	1	3547	2366	1317	322	323	
0	1	4525	320	323	
0	1	2378	322	324	
0	1	44	1169	325	
0	1	2027	1169	325	
0	3	3753	320	324	2443	325	
1	2	2367	3547	1169	325	326	
1	0	463	2574	386	
0	3	577	1255	362	382	386	
0	1	2338	382	386	
3	2	2380	917	2001	2793	362	382	386	
1	0	2574	463	386	
2	2	3547	3629	1735	378	383	386	
2	1	3555	7528	2818	382	386	
3	2	3727	1680	3395	1674	362	382	386	
3	1	3912	3095	2850	2818	382	386	
2	2	6515	1749	1735	378	383	386	
3	3	6515	3580	6564	297	1068	2524	2425	450	
1	1	139	2538	415	453	
3	1	6997	2322	3629	6657	460	458	
3	1	7744	2322	3629	6657	460	458	
0	2	44	864	879	483	
0	2	2027	864	879	483	
3	1	6515	1749	2737	6337	518	524	
3	3	62	1591	3629	3590	44	2243	536	534	
1	1	195	2988	536	534	
3	2	308	3611	809	1671	526	536	534	
2	2	1068	3584	2366	526	536	534	
1	0	1538	62	534	
2	3	1623	2761	1812	41	2243	536	534	
2	2	1718	3629	1671	526	536	534	
2	2	1740	3629	1671	526	536	534	
3	3	2027	2964	3629	3590	44	2243	536	534	
3	3	2028	1758	3629	3590	44	2243	536	534	
3	3	2134	3484	3337	3469	41	2243	536	534	
2	2	2344	3629	1671	526	536	534	
1	0	2367	3547	534	
2	2	2378	3629	1671	526	536	534	
1	2	2380	700	164	530	534	
1	1	2390	1817	533	534	
3	3	2408	4534	3721	6850	41	2243	536	534	
2	2	2421	3412	4644	164	530	534	
2	2	2766	3629	1671	526	536	534	
0	1	2902	537	534	
2	2	3015	3629	1671	526	536	534	
1	0	3105	2902	534	
1	0	3274	1538	534	
2	1	3388	1680	1817	533	534	
2	2	3547	3629	1671	526	536	534	
1	2	3555	2366	526	536	534	
1	0	3688	3727	534	
1	0	3727	3688	534	
2	2	3886	2238	878	164	530	534	
1	2	3966	2143	529	537	534	
0	2	4495	164	530	534	
2	2	4529	2317	715	164	530	534	
2	2	4899	3337	3227	526	536	534	
1	0	7307	2843	534	
1	2	7627	2143	529	537	534	
0	3	7650	44	2243	536	534	
0	2	2409	591	559	609	
1	1	3516	1797	607	609	
2	3	3909	7462	1897	614	1499	600	609	
0	3	3912	670	2372	559	609	
3	0	942	2736	3770	3673	670	
1	0	2366	530	670	
3	3	2408	4534	6234	3251	552	1525	1334	670	
0	3	2409	591	1525	1334	670	
2	2	2419	3412	4644	582	686	670	
2	2	2766	2292	2857	582	686	670	
1	3	3105	2902	1007	1525	1334	670	
1	1	3274	7467	672	670	
1	2	3516	1797	641	613	670	
3	1	3673	2735	1515	4135	568	670	
2	2	3886	5718	7671	590	1914	670	
0	1	3912	699	670	
2	0	6452	4038	2366	670	
1	0	6515	2366	670	
3	1	2027	2964	3629	2565	683	680	
0	1	2380	676	680	
2	1	3727	1680	2565	683	680	
3	1	1623	2761	4862	1021	677	683	
0	1	2367	685	683	
2	1	2565	1680	3727	680	683	
3	0	2367	3547	3584	5836	685	
3	0	2378	4755	3584	5836	685	
1	0	3555	3558	685	
3	0	3558	2375	3584	5836	685	
0	1	3912	670	699	
3	1	1068	3584	7566	1763	713	744	
2	1	3555	7528	1763	713	744	
3	1	5776	2524	3919	305	713	744	
0	2	44	789	794	798	
0	2	2027	789	794	798	
3	1	2421	3412	7814	2575	851	853	
0	1	44	869	864	
0	3	87	867	1939	862	864	
0	3	511	867	1939	862	864	
0	3	577	867	1939	862	864	
2	1	604	2106	700	869	864	
0	3	1317	478	878	862	864	
0	3	1615	867	1939	862	864	
0	1	2027	869	864	
0	1	2080	869	864	
2	2	2344	3634	44	483	862	864	
2	1	2765	3138	7454	865	864	
2	2	2917	1731	2553	473	862	864	
1	1	3105	2902	869	864	
0	3	3753	867	1939	862	864	
0	3	3829	867	1939	862	864	
0	3	4161	867	1939	862	864	
2	1	6452	3584	5836	862	864	
2	0	62	2264	511	867	
2	0	195	2985	2116	867	
2	0	223	2764	2765	867	
3	1	308	3611	809	3617	866	867	
2	0	413	2354	2420	867	
3	0	499	4298	2937	2419	867	
2	2	604	1671	687	861	866	867	
2	0	700	2106	604	867	
2	0	766	1782	3260	867	
3	1	793	3307	5718	5825	866	867	
3	0	943	2446	3395	2420	867	
2	0	1068	3584	6452	867	
2	0	1515	4135	4899	867	
2	0	1529	1823	54	867	
1	0	1538	62	867	
2	0	1623	2761	1812	867	
2	0	1675	3118	296	867	
2	0	1718	3629	1515	867	
1	0	1812	2689	867	
2	0	1906	1594	230	867	
1	0	1926	1812	867	
2	0	1937	1594	230	867	
3	0	2027	1667	2834	1515	867	
3	0	2028	1758	3629	1515	867	
2	0	2080	3629	1515	867	
3	1	2116	7814	5718	5825	866	867	
3	1	2134	3484	1904	2248	866	867	
2	0	2344	3634	44	867	
3	0	2367	3547	2366	530	867	
2	0	2378	3629	1515	867	
1	0	2380	700	867	
2	0	2419	3412	4644	867	
1	0	2420	2917	867	
2	0	2421	3412	4644	867	
3	2	2689	2521	1671	687	861	866	867	
2	0	2692	1816	2917	867	
2	0	2765	3307	793	867	
2	0	2766	3629	1515	867	
1	2	2917	3031	861	866	867	
2	0	3015	3629	1515	867	
2	0	3061	2390	1615	867	
1	0	3274	1538	867	
2	0	3388	1680	2917	867	
2	0	3555	2366	530	867	
2	0	3674	3629	1515	867	
1	0	3688	3727	867	
1	0	3727	3688	867	
3	0	4529	2317	3629	1515	867	
2	0	4644	3412	7069	867	
3	0	4899	3337	3870	1812	867	
2	0	5604	4147	4161	867	
2	0	6337	3629	1515	867	
3	0	6452	4038	2366	530	867	
2	0	6515	2366	530	867	
1	0	7750	4232	867	
2	2	499	4298	133	869	1955	868	
0	2	2689	869	1955	868	
0	2	44	483	862	869	
0	3	54	867	1939	862	869	
3	3	133	4298	2937	2419	867	1939	862	869	
0	3	296	867	1939	862	869	
0	1	499	868	869	
2	2	700	2106	604	864	862	869	
2	0	715	3151	6640	869	
2	0	766	1782	3260	869	
0	3	946	867	1939	862	869	
1	2	1515	2834	879	1536	869	
2	0	1529	1823	54	869	
2	2	1749	1720	131	863	862	869	
1	1	1812	2689	868	869	
3	2	1831	4738	5951	1675	473	862	869	
0	2	2027	483	862	869	
3	3	2028	1758	3629	1515	867	1939	862	869	
0	2	2080	864	862	869	
2	2	2116	2238	878	482	862	869	
2	3	2134	3484	4855	476	878	862	869	
1	0	2380	700	869	
0	3	2408	867	1939	862	869	
2	2	2421	3412	4644	875	862	869	
1	0	2522	3061	869	
1	0	2565	1812	869	
0	1	2689	868	869	
2	2	3061	2390	1615	864	862	869	
0	3	3260	867	1939	862	869	
3	3	3368	3914	3304	2988	477	878	862	869	
2	2	3388	1680	2917	864	862	869	
2	2	3688	2514	2917	864	862	869	
0	1	5836	862	869	
2	0	6640	2317	715	869	
0	3	7627	867	1939	862	869	
0	3	7783	867	1939	862	869	
2	0	184	5274	1671	884	
2	0	1671	1563	184	884	
2	0	2765	3138	1671	884	
3	0	2367	3547	2366	530	889	
2	1	2766	2292	2857	885	889	
1	0	3555	3558	889	
2	0	3558	2366	530	889	
3	1	223	3378	2426	6337	745	890	
0	1	308	891	890	
2	0	766	1782	3260	890	
3	1	1718	3629	5221	1675	745	890	
3	1	1926	7814	2238	878	745	890	
0	1	2161	891	890	
3	1	2344	3629	5221	1675	745	890	
3	1	2367	3547	3584	5836	891	890	
3	1	4899	3337	3227	6337	745	890	
2	0	42	4676	1508	891	
0	1	308	890	891	
0	1	2161	890	891	
3	2	3555	2366	2737	6337	745	2159	891	
0	1	42	891	892	
0	1	223	890	892	
0	1	308	890	892	
0	1	655	890	892	
0	1	766	890	892	
0	1	876	890	892	
0	1	1508	891	892	
0	1	1926	890	892	
0	1	2161	890	892	
0	1	3000	890	892	
0	1	3260	890	892	
0	1	3526	890	892	
3	2	3558	2366	2737	6337	745	890	892	
3	2	3727	1680	2917	3529	745	890	892	
0	1	5836	891	892	
0	1	7650	890	892	
0	1	766	892	894	
0	2	2367	890	1471	894	
3	2	2522	1766	3629	1515	255	1445	894	
0	1	3260	892	894	
1	1	3555	3558	892	894	
0	2	766	892	2337	895	
0	2	3260	892	2337	895	
3	0	3886	5718	1683	308	897	
0	2	44	892	2337	898	
0	1	101	899	898	
0	2	308	892	2337	898	
0	1	530	899	898	
0	1	889	899	898	
2	2	1068	3584	5836	892	2337	898	
0	1	1102	900	898	
0	2	2027	892	2337	898	
0	2	2161	892	2337	898	
1	0	2367	3547	898	
2	2	2378	3629	1515	255	1445	898	
2	2	2390	1680	2466	255	1445	898	
0	2	2522	894	1445	898	
2	2	2602	3629	1515	255	1445	898	
0	1	2766	899	898	
0	1	2902	899	898	
0	1	3547	899	898	
0	1	3558	899	898	
0	1	3886	900	898	
0	1	3966	899	898	
0	1	4899	899	898	
0	1	5053	899	898	
0	1	101	898	899	
0	1	530	898	899	
0	1	889	898	899	
0	1	1812	909	899	
0	1	2367	898	899	
0	1	2766	898	899	
0	1	2902	898	899	
0	1	3547	898	899	
1	1	3555	3558	898	899	
0	1	3558	898	899	
0	1	3966	898	899	
0	1	4899	898	899	
0	1	5053	898	899	
0	1	960	892	913	
2	2	1675	3629	1515	255	1445	913	
0	1	3388	902	913	
0	1	3727	892	913	
0	2	44	892	913	914	
0	1	960	913	914	
0	2	2027	892	913	914	
0	1	3388	913	914	
0	1	3727	913	914	
0	1	44	936	920	
0	2	876	892	916	920	
2	2	1068	3584	5836	892	916	920	
0	1	2027	936	920	
3	3	2347	2720	2736	942	255	1445	916	920	
0	2	3526	892	916	920	
2	2	6452	3584	5836	892	916	920	
3	2	62	2264	4147	2538	486	1233	955	
1	0	1538	62	955	
2	2	2116	7814	2889	488	1233	955	
2	2	2766	3629	1515	294	1042	1050	
0	1	2902	1051	1050	
1	2	3966	2143	1041	1042	1050	
0	3	1102	161	2279	1142	1143	
2	2	3886	5718	1607	166	1142	1143	
0	1	44	1255	1253	
0	1	308	1255	1253	
0	1	412	1255	1253	
0	1	577	1252	1253	
0	1	2027	1255	1253	
0	1	2028	1255	1253	
0	1	2161	1255	1253	
1	1	2380	700	1252	1253	
0	1	2408	1255	1253	
0	1	2419	1255	1253	
0	1	2565	1254	1253	
1	1	2765	6161	1254	1253	
0	1	3069	1255	1253	
0	1	3105	1255	1253	
0	1	3388	1255	1253	
2	1	3688	3727	3328	210	1253	
0	1	6515	1254	1253	
0	1	7650	1255	1253	
2	0	1068	3584	6452	1254	
0	1	1317	1255	1254	
0	1	2367	1255	1254	
0	1	2378	1255	1254	
0	1	2565	1255	1254	
0	1	3753	1255	1254	
0	1	4232	1255	1254	
0	1	6452	1255	1254	
0	1	6515	1255	1254	
3	2	62	1591	3629	1529	376	1492	1255	
3	2	195	2988	3629	1529	376	1492	1255	
3	2	308	3611	809	2715	369	1492	1255	
1	0	766	1782	1255	
0	1	1317	1254	1255	
1	0	1538	62	1255	
1	0	1782	3260	1255	
3	2	2027	2964	3629	1529	376	1492	1255	
3	2	2028	1758	3629	1529	376	1492	1255	
0	1	2367	1254	1255	
0	1	2378	1254	1255	
3	3	2380	102	2917	3031	887	376	1492	1255	
3	2	2419	3412	3629	1529	376	1492	1255	
0	1	2565	1254	1255	
1	1	2765	6161	1254	1255	
2	2	3015	3629	1529	376	1492	1255	
1	0	3260	1782	1255	
1	1	3274	3753	1254	1255	
2	1	3388	1680	2565	1254	1255	
0	1	3753	1254	1255	
0	1	4232	1254	1255	
3	2	4529	2317	3629	1529	376	1492	1255	
0	1	6452	1254	1255	
0	1	6515	1254	1255	
0	2	44	1258	137	1256	
2	1	195	2985	2119	1068	1256	
0	2	2027	1258	137	1256	
3	3	2028	1758	3629	3590	44	2151	2069	1256	
0	1	2408	1260	1256	
3	3	2419	3412	2001	2793	41	2151	2069	1256	
2	2	2565	3629	1529	1132	135	1256	
1	1	2765	6161	1140	1256	
1	3	3105	2902	44	2151	2069	1256	
1	1	3274	3590	1140	1256	
2	2	3688	3629	1529	1132	135	1256	
2	1	6515	7528	2818	134	1256	
1	3	7627	2143	41	2151	2069	1256	
0	1	7650	1140	1256	
0	1	2949	1258	1257	
0	2	44	1256	137	1258	
2	0	184	5274	1671	1258	
3	3	308	3611	809	3617	135	1256	137	1258	
2	1	1068	3584	3547	1260	1258	
3	1	1623	2761	3861	3465	137	1258	
1	1	1671	5830	1260	1258	
0	2	2027	1256	137	1258	
2	2	2040	3629	2565	1256	137	1258	
1	1	2367	3547	1260	1258	
2	2	2941	3629	2565	1256	137	1258	
0	2	2949	1257	137	1258	
0	1	3388	1260	1258	
3	1	4899	3337	6232	3465	137	1258	
2	1	2344	3634	44	1258	1259	
2	1	3547	3629	1671	1258	1259	
2	1	139	1727	1671	1258	1260	
3	3	226	2738	6375	956	1068	1256	137	1260	
1	1	604	1671	1258	1260	
0	2	2408	1256	137	1260	
2	2	2917	1680	2565	1256	137	1260	
0	1	3388	1258	1260	
2	2	3547	3629	2565	1256	137	1260	
3	3	3592	4046	2426	1671	1140	1256	137	1260	
2	2	3652	3629	2565	1256	137	1260	
2	3	3962	3300	305	1140	1256	137	1260	
0	3	5830	1134	2017	137	1260	
3	3	6481	2346	3118	296	1140	1256	137	1260	
