2	2	2924	6181	6337	310	68	72	
0	2	3750	288	289	72	
0	2	161	260	258	263	
2	0	253	4788	3340	263	
0	2	481	264	258	263	
3	3	609	2939	3629	1515	255	235	258	263	
0	1	878	265	263	
0	1	943	258	263	
0	1	1386	258	263	
1	3	1742	2827	419	235	258	263	
2	1	1797	2574	3673	258	263	
2	1	1948	3629	1735	258	263	
1	2	1974	3679	269	258	263	
3	3	2538	3634	2983	3886	247	235	258	263	
2	1	2617	7814	3886	258	263	
1	3	2663	2602	247	235	258	263	
1	0	2738	1974	263	
2	0	2791	1897	3928	263	
2	1	2938	2420	2466	258	263	
3	2	2966	6352	2857	2579	264	258	263	
3	3	3023	2781	3337	3227	247	235	258	263	
1	1	3274	1538	258	263	
1	0	3334	3340	263	
2	0	3340	2332	3274	263	
2	0	3377	1811	2617	263	
0	3	3489	418	235	258	263	
0	1	3529	265	263	
2	1	3617	809	2266	258	263	
0	1	3674	258	263	
3	3	3928	2933	4298	133	247	235	258	263	
2	2	4072	4802	1671	260	258	263	
3	3	4135	6690	7686	1749	247	235	258	263	
3	2	6629	6640	2317	2331	264	258	263	
2	0	6712	2050	2055	263	
3	1	2248	1904	3629	1515	255	286	
0	1	2287	289	288	
0	1	3465	289	288	
0	1	6712	289	288	
3	1	1894	2761	3861	3465	288	289	
3	1	2012	3337	2781	3465	288	289	
0	1	2287	288	289	
0	1	3465	288	289	
0	1	6712	288	289	
2	1	2378	3629	3050	302	290	
1	1	2522	3061	55	296	
1	0	2367	3547	299	
3	0	2378	3629	1735	101	299	
3	0	3547	3629	1735	101	299	
1	1	2467	2055	291	300	
2	1	2522	6995	2080	303	300	
2	1	3547	3629	3050	302	300	
1	1	2395	3363	434	435	
3	1	7744	2429	1669	1671	431	435	
3	0	64	1591	3629	1529	494	
3	0	609	2939	3629	1529	494	
2	0	1529	1823	54	494	
2	0	2885	3629	1529	494	
3	0	2938	2420	3629	1529	494	
3	2	5006	6021	2538	3609	514	493	494	
3	1	7467	1606	2001	2793	493	494	
0	2	7744	503	493	494	
0	1	3465	616	610	
0	1	3489	660	659	
0	1	3489	659	660	
2	1	3547	3629	1529	662	664	
3	3	6375	3721	2334	2243	553	1509	657	664	
0	3	54	757	750	771	774	
3	3	64	1591	3629	1735	702	1924	771	774	
2	1	1529	3629	6657	767	774	
0	1	3258	772	774	
3	3	7467	1606	2301	2857	701	1924	771	774	
0	3	6449	692	1513	1925	799	
2	2	305	3307	3590	1049	1055	1058	
2	2	2153	3621	3590	1049	1055	1058	
0	3	2287	539	1451	1055	1058	
0	2	297	1100	693	1099	
2	2	2119	3629	1515	695	693	1099	
0	1	297	1099	1100	
0	1	2119	1099	1100	
0	2	5830	275	1107	1108	
0	2	202	1049	531	1110	
0	2	7468	1049	531	1110	
2	2	3281	2744	3257	1042	1053	1115	
0	3	6134	1125	1719	1275	1122	
0	3	7278	1125	1719	1275	1122	
0	1	2055	1129	1128	
3	2	6375	2855	3590	1743	129	1127	1128	
0	1	2055	1128	1129	
0	1	2252	1136	1134	
0	1	5830	1260	1134	
