0	1	2025	150	149	
1	2	2538	3609	515	148	149	
1	0	3274	3590	149	
1	1	3590	3591	152	149	
0	2	62	150	147	151	
0	1	1515	152	151	
1	0	1538	62	151	
0	2	2026	150	147	151	
0	1	2859	517	151	
0	2	4495	150	147	151	
2	2	303	3629	3590	149	147	231	
0	2	1428	150	147	231	
0	2	2793	515	147	231	
0	2	7945	150	147	231	
2	1	126	3118	2854	282	255	
3	0	226	2738	3629	1515	255	
2	0	303	3629	1515	255	
2	0	418	3629	1515	255	
3	0	793	3307	5718	7671	255	
3	0	942	2736	3770	3673	255	
2	0	1515	2736	942	255	
2	1	1735	3118	2854	282	255	
2	0	2189	3629	1515	255	
2	0	2466	3629	1515	255	
2	0	3673	2735	1515	255	
2	0	3938	2190	2189	255	
3	0	4072	4802	3031	2189	255	
3	1	5604	4147	3590	3592	286	255	
3	1	6481	2346	3118	2854	282	255	
2	0	6515	1749	1735	255	
2	0	7770	2917	2466	255	
3	0	7945	1766	3629	1515	255	
0	1	139	249	256	
0	1	226	243	256	
0	2	333	255	241	256	
2	1	418	3629	2766	242	256	
0	2	942	255	241	256	
2	1	1386	3629	2766	242	256	
0	1	1759	249	256	
1	1	1897	3283	245	256	
0	2	2025	255	241	256	
0	1	2143	245	256	
0	2	2208	255	241	256	
2	1	2466	3629	2766	242	256	
2	0	2522	6995	2139	256	
2	1	2538	3634	44	242	256	
0	1	2748	253	256	
2	2	3388	1680	2466	255	241	256	
2	1	3470	3629	2766	242	256	
0	1	3522	243	256	
2	2	3673	2735	1515	255	241	256	
0	2	3956	255	241	256	
2	1	6337	3138	2765	242	256	
0	1	6481	243	256	
0	2	7501	255	241	256	
0	1	7671	243	256	
2	2	7770	2917	2466	255	241	256	
3	0	418	3629	1904	1538	257	
3	0	481	2261	3590	6337	257	
3	0	793	3307	5718	1449	257	
3	0	942	2736	3770	3673	257	
2	0	1449	2983	2633	257	
1	0	1538	62	257	
2	0	2285	2572	2310	257	
3	0	2310	3371	2983	1449	257	
3	0	2466	3629	1904	1538	257	
3	0	2522	3061	1680	2466	257	
1	0	2617	6337	257	
2	0	2633	2855	6337	257	
3	0	2748	6375	2855	6337	257	
1	0	3022	5830	257	
3	0	3143	4855	3590	6337	257	
1	0	3274	1538	257	
3	0	3673	2735	7686	2617	257	
1	0	6337	2617	257	
3	0	6449	2738	6375	2748	257	
2	0	62	2264	511	258	
0	2	126	255	235	258	
0	1	139	260	258	
0	1	303	260	258	
0	2	418	255	235	258	
0	1	511	269	258	
0	1	942	259	258	
0	1	943	260	258	
0	2	1102	247	235	258	
0	1	1386	263	258	
0	1	1424	259	258	
0	3	1490	275	1107	235	258	
1	0	1538	62	258	
1	2	1735	1749	247	235	258	
0	1	1759	260	258	
1	0	2012	6515	258	
0	1	2026	260	258	
0	1	2067	260	258	
0	1	2099	264	258	
2	1	2285	2572	2147	264	258	
0	3	2392	281	1107	235	258	
2	2	2466	3629	1515	255	235	258	
2	1	2522	6995	2139	261	258	
0	1	2633	260	258	
0	1	2859	265	258	
1	1	3022	1671	260	258	
2	1	3592	4046	3590	269	258	
0	1	3673	259	258	
0	1	3674	260	258	
0	1	3708	264	258	
1	1	3886	6406	264	258	
0	1	3956	259	258	
0	1	4161	269	258	
0	1	4495	264	258	
0	1	5264	259	258	
2	1	6452	3584	4755	264	258	
1	0	6515	2012	258	
0	1	7246	260	258	
2	2	7770	2917	2466	255	235	258	
0	1	7945	260	258	
0	1	942	258	259	
0	1	1424	258	259	
0	1	3673	258	259	
0	3	3821	283	1107	235	259	
0	1	3956	258	259	
0	1	5264	258	259	
1	1	6337	2617	263	259	
0	1	139	261	260	
0	2	161	263	235	260	
2	0	184	5274	1671	260	
0	1	303	261	260	
0	2	793	255	235	260	
0	1	943	264	260	
0	3	1557	275	1107	235	260	
0	3	1597	283	1107	235	260	
1	1	1671	687	264	260	
0	1	1759	261	260	
2	2	1797	2574	3673	255	235	260	
0	2	2025	255	235	260	
0	2	2026	258	235	260	
0	2	2067	255	235	260	
3	2	2143	3601	3629	1515	255	235	260	
3	2	2505	3645	1720	1749	247	235	260	
2	2	2633	3629	1515	255	235	260	
0	2	2765	247	235	260	
0	1	3662	264	260	
0	1	3674	264	260	
0	3	3693	275	1107	235	260	
0	1	4170	261	260	
0	1	5011	264	260	
2	1	5571	2692	1743	269	260	
0	2	5604	255	235	260	
2	1	6375	2855	6337	259	260	
2	2	6695	457	3617	263	235	260	
0	1	7246	261	260	
0	1	7945	261	260	
0	1	139	258	261	
0	1	303	258	261	
0	1	1759	258	261	
0	1	4170	260	261	
2	0	4644	3412	7069	261	
0	1	7246	258	261	
0	1	7945	258	261	
1	1	1515	4135	263	262	
0	1	2025	283	281	
0	1	2026	283	281	
2	1	303	3629	3050	302	295	
2	1	7945	6995	2080	303	295	
3	2	3708	1922	4167	1671	216	329	342	
0	1	126	343	344	
0	2	942	221	329	344	
3	2	944	2721	3629	1671	216	329	344	
2	2	1515	2736	942	221	329	344	
0	1	1735	343	344	
0	1	2026	343	344	
0	2	3673	221	329	344	
2	2	3679	2937	2419	322	329	344	
0	1	3821	343	344	
0	2	3956	221	329	344	
2	2	4072	4802	1671	216	329	344	
0	1	5264	343	344	
0	1	6337	343	344	
0	2	6864	1169	329	344	
2	2	6932	3629	1671	216	329	344	
2	1	303	3629	1515	365	364	
3	1	7945	3412	2001	2793	362	364	
2	1	1515	1419	3928	362	365	
1	1	2467	2055	421	423	
0	1	3591	422	423	
2	1	139	4733	2243	461	462	
0	1	303	463	462	
0	3	2793	1013	1014	461	462	
0	1	7945	463	462	
0	1	54	1013	469	
0	1	1529	1013	469	
0	3	6864	760	750	1924	556	
0	1	62	696	695	
2	0	418	3629	1515	695	
3	2	1515	2978	2182	3311	694	693	695	
1	0	1538	62	695	
2	2	2466	2917	3031	164	693	695	
1	2	2467	2056	164	693	695	
0	2	4495	164	693	695	
0	2	62	695	693	696	
1	0	1538	62	696	
2	0	62	2264	6932	697	
3	1	1515	798	3590	6337	698	697	
1	0	1538	62	697	
3	0	2467	6869	3629	1515	697	
2	0	6932	3629	1515	697	
1	1	6337	3473	762	766	
0	3	2324	841	1858	1500	836	
2	2	5604	4147	4161	867	861	836	
0	1	62	841	840	
1	0	1538	62	840	
2	1	6932	3629	1515	871	840	
0	1	62	840	841	
2	2	303	3629	1515	871	840	841	
1	1	1538	62	840	841	
0	3	2324	836	1361	1529	841	
0	2	3821	871	840	841	
2	1	6337	5379	3443	840	841	
3	2	7945	1766	3629	1515	871	840	841	
1	2	3705	2553	473	874	877	
1	0	4072	3705	877	
0	1	2522	929	919	
0	3	2793	896	1445	916	919	
0	1	3821	921	919	
0	1	6337	921	919	
2	1	7770	2917	3529	929	919	
0	1	303	935	934	
0	1	7945	935	934	
0	1	303	934	935	
0	1	7945	934	935	
2	2	1515	2736	942	1233	943	948	
0	2	2467	944	943	948	
1	1	3274	1538	955	948	
3	2	3652	3629	1735	101	897	1302	990	
0	3	3705	1200	1185	1466	1213	
1	0	4072	3705	1213	
