0	1	2793	9	8	
0	1	3625	12	8	
1	1	4018	2148	10	8	
0	1	161	13	9	
0	1	162	15	9	
0	1	274	6	9	
2	0	303	3629	2574	9	
1	0	463	2574	9	
0	1	597	13	9	
0	1	942	38	9	
0	1	1021	11	9	
1	0	1797	2574	9	
0	1	2056	6	9	
3	0	2143	3601	3629	2574	9	
1	1	2390	3061	38	9	
2	1	2419	3412	4644	13	9	
1	1	2467	2056	6	9	
0	1	2538	11	9	
1	0	2574	463	9	
1	1	2664	1675	13	9	
0	1	2735	11	9	
0	1	2793	8	9	
2	0	3317	3629	2574	9	
2	1	3473	3476	1812	13	9	
1	0	3673	2735	9	
0	1	3912	13	9	
0	1	3956	38	9	
2	0	6239	4770	906	9	
0	1	6654	13	9	
2	1	7945	3412	4644	13	9	
1	1	2148	4018	8	10	
0	1	64	13	11	
0	3	960	892	6	1510	11	
0	1	1021	9	11	
2	1	1529	3629	2574	9	11	
1	1	2380	700	38	11	
1	1	2467	2056	9	11	
0	1	2538	9	11	
0	1	2735	9	11	
3	1	3727	1680	1397	2390	9	11	
0	1	7467	13	11	
1	1	2148	4018	8	12	
1	1	2633	1812	13	12	
2	0	2765	3642	3590	12	
0	1	3590	38	12	
0	1	3625	8	12	
0	1	4018	8	12	
0	2	162	9	13	15	
0	1	2338	13	15	
0	1	162	20	16	
0	1	274	20	16	
0	1	942	27	16	
0	2	1457	30	20	16	
0	1	2056	20	16	
0	1	2338	20	16	
2	0	2390	1907	4525	16	
0	1	3673	27	16	
0	1	3956	27	16	
0	1	4938	17	16	
1	0	6104	1129	16	
2	0	305	3919	2153	18	
2	1	1812	2937	2419	28	18	
2	0	1923	5133	220	18	
2	0	1937	1594	230	18	
2	0	2153	3919	305	18	
1	0	3300	305	18	
2	0	4072	3705	2553	18	
0	1	4644	28	18	
2	0	6712	2050	2055	18	
0	1	7069	28	18	
2	2	2538	3536	2689	34	1474	19	
3	3	3377	4048	3629	1529	20	16	1474	19	
0	1	54	30	20	
0	1	162	16	20	
0	1	220	21	20	
0	1	274	16	20	
1	0	463	2574	20	
0	1	573	21	20	
0	1	597	22	20	
0	1	687	21	20	
0	1	1425	36	20	
0	1	1529	30	20	
1	0	1797	2574	20	
0	1	1812	21	20	
2	0	1894	2761	1812	20	
1	0	1923	6344	20	
1	1	2012	6515	30	20	
0	1	2056	16	20	
0	1	2338	16	20	
0	1	2538	19	20	
1	1	2574	3673	16	20	
2	1	2924	6181	3274	30	20	
0	1	3031	21	20	
1	1	3300	305	21	20	
2	0	3470	3629	1529	20	
0	1	3518	21	20	
0	1	3750	36	20	
0	1	4072	22	20	
0	1	5470	22	20	
0	1	5903	36	20	
0	1	6134	21	20	
1	0	6344	1923	20	
0	1	7246	22	20	
0	1	7278	21	20	
0	1	7744	21	20	
0	1	220	20	21	
0	2	230	32	20	21	
0	1	274	16	21	
2	0	305	3919	2153	21	
0	1	573	20	21	
0	1	687	20	21	
1	1	1675	3956	16	21	
2	2	1763	2366	530	30	20	21	
0	1	1812	20	21	
0	1	1923	20	21	
2	0	1937	1594	230	21	
0	1	2056	16	21	
2	1	2153	3629	1529	20	21	
0	1	2338	16	21	
0	1	2538	20	21	
0	1	3031	20	21	
0	2	3377	19	16	21	
0	1	3518	20	21	
1	1	3962	3300	20	21	
0	1	6134	20	21	
1	1	6344	1923	20	21	
0	1	6712	34	21	
0	1	7278	20	21	
0	1	7744	20	21	
2	0	303	3629	2574	22	
1	0	463	2574	22	
3	0	609	2939	5221	1675	22	
0	1	942	31	22	
1	0	1675	2664	22	
0	1	2338	35	22	
1	0	2574	463	22	
1	0	2664	1675	22	
1	1	2938	2420	30	22	
3	0	3377	1811	2426	2574	22	
2	1	3529	1799	1497	30	22	
0	1	3673	31	22	
0	1	3956	31	22	
2	1	4072	4802	1497	30	22	
3	0	6695	457	1876	2574	22	
2	1	7945	6995	2080	30	22	
0	1	274	16	23	
0	1	2056	16	23	
1	1	2664	1675	34	23	
0	2	220	274	1478	403	
0	3	573	424	1477	416	403	
2	2	1923	5133	220	274	1478	403	
2	2	3470	2577	1602	274	1478	403	
0	1	4072	412	403	
2	1	9	2834	1515	392	411	
2	2	1894	2761	6337	404	410	411	
0	3	1895	274	1478	410	411	
0	1	2285	412	411	
0	1	2310	412	411	
0	1	3749	412	411	
0	3	5013	274	1478	410	411	
0	1	2285	411	412	
0	1	2310	411	412	
1	2	3300	305	424	1477	412	
0	1	3749	411	412	
0	2	4072	403	410	412	
2	1	4915	2238	3886	391	412	
1	1	6406	3886	391	412	
0	3	942	255	247	417	420	
3	2	3673	2735	7686	1749	247	417	420	
0	3	3956	255	247	417	420	
0	2	878	455	484	470	
0	2	3529	455	484	470	
1	0	874	3519	471	
0	2	274	455	484	472	
2	2	303	3629	2118	455	484	472	
3	2	609	2939	3629	2118	455	484	472	
2	2	1675	3629	2118	455	484	472	
3	2	1894	6189	2238	878	455	484	472	
0	2	2056	455	484	472	
2	0	2310	2572	1675	472	
3	2	2938	2420	3629	2118	455	484	472	
1	0	5656	3976	472	
3	2	7945	1766	3629	2118	455	484	472	
3	0	609	2939	5221	1675	473	
3	0	2938	2939	5221	1675	473	
1	0	5656	3976	473	
2	0	6712	2050	2055	473	
2	2	303	3629	1515	495	1543	500	
2	2	1675	3629	1515	495	1543	500	
2	2	3529	2735	1515	495	1543	500	
3	2	7945	1766	3629	1515	495	1543	500	
3	3	64	1591	3629	7547	553	563	576	578	
0	2	89	557	576	578	
0	3	161	607	563	576	578	
0	2	274	583	576	578	
2	2	305	3307	3590	558	576	578	
1	0	463	2574	578	
0	1	481	577	578	
0	2	514	566	576	578	
1	0	874	3519	578	
0	2	912	567	576	578	
0	3	938	553	563	576	578	
0	2	943	570	576	578	
0	3	1279	627	564	576	578	
1	0	1618	89	578	
1	0	1797	2574	578	
1	2	1812	3590	558	576	578	
2	2	1923	1563	3590	558	576	578	
0	2	2056	583	576	578	
0	2	2070	590	576	578	
2	2	2153	3621	3590	558	576	578	
0	3	2338	627	564	576	578	
1	1	2467	2055	576	578	
1	0	2538	3609	578	
1	0	2574	463	578	
0	1	2617	577	578	
2	0	2818	1922	1923	578	
2	0	2924	6181	3245	578	
2	2	3031	4802	3590	558	576	578	
2	0	3245	6181	2924	578	
1	0	3343	804	578	
0	2	3519	570	576	578	
1	0	3520	3519	578	
0	2	3609	567	576	578	
2	2	3674	3629	3590	558	576	578	
0	1	3750	577	578	
2	2	4320	3629	3590	558	576	578	
0	3	4938	627	564	576	578	
2	2	5006	6021	2538	557	576	578	
0	3	5019	627	564	576	578	
2	0	6239	4770	906	578	
0	3	6710	553	563	576	578	
2	3	7467	1606	4161	559	561	576	578	
2	2	7547	3015	3590	558	576	578	
0	1	274	578	583	
0	1	2056	578	583	
0	1	161	608	607	
0	1	1675	608	607	
0	1	1797	608	607	
1	1	2012	3309	601	607	
0	1	2055	589	607	
0	1	3377	608	607	
1	1	3591	1894	605	607	
0	1	161	607	608	
0	1	1675	607	608	
0	1	1797	607	608	
0	1	2012	607	608	
0	1	2055	589	608	
0	1	3377	607	608	
2	2	9	4153	2718	640	617	619	
0	2	54	655	617	619	
2	0	305	3919	2153	619	
0	3	687	592	598	615	619	
2	0	1529	1823	54	619	
0	1	1763	620	619	
2	0	1937	1594	230	619	
0	1	2012	620	619	
0	3	2055	589	1499	615	619	
2	0	2153	3919	305	619	
2	2	2310	2572	2147	640	617	619	
2	2	3031	2189	3061	612	617	619	
1	0	3300	305	619	
2	0	3470	2577	1422	619	
0	2	3749	652	617	619	
2	0	4072	3705	2553	619	
0	1	4644	620	619	
0	1	7069	620	619	
0	1	1763	619	620	
0	1	2012	619	620	
0	3	2092	650	651	617	620	
1	1	3962	3300	619	620	
0	1	4644	619	620	
0	1	7069	619	620	
2	0	1529	1823	54	626	
1	1	9	3519	570	627	
0	1	131	580	627	
0	2	161	578	564	627	
0	2	274	578	564	627	
2	2	303	3629	3590	558	564	627	
2	2	305	3307	3590	558	564	627	
0	1	597	631	627	
2	2	609	2939	7547	578	564	627	
2	0	700	2106	399	627	
2	3	791	3517	4135	568	561	564	627	
0	3	878	599	594	569	627	
3	0	942	2736	3770	3673	627	
0	2	1279	578	564	627	
0	1	1742	580	627	
2	1	1797	2578	874	570	627	
3	3	1858	3426	3629	7547	553	563	564	627	
0	2	2056	578	564	627	
2	2	2153	3621	3590	558	564	627	
3	3	2310	2573	3629	7547	553	563	564	627	
0	2	2338	578	564	627	
1	2	2367	3547	561	564	627	
1	0	2390	3061	627	
1	0	2522	3061	627	
2	2	2664	3629	3590	558	564	627	
2	2	2938	2939	7547	578	564	627	
1	0	3061	2390	627	
1	0	3300	305	627	
0	1	3518	564	627	
3	3	3529	1799	4802	4072	224	561	564	627	
3	3	3673	2735	1515	4135	568	561	564	627	
2	2	3708	1922	1923	578	564	627	
0	2	3976	563	564	627	
2	2	4072	4802	3590	558	564	627	
0	2	4938	578	564	627	
0	2	5019	578	564	627	
1	3	5470	3524	589	561	569	627	
1	0	5656	3976	627	
3	3	6654	674	3113	7547	553	563	564	627	
2	2	6695	457	7547	578	564	627	
1	1	7744	2429	564	627	
3	3	7945	1766	3629	7547	553	563	564	627	
1	2	6406	3469	572	628	629	
0	2	274	640	617	633	
0	1	1763	619	633	
0	2	2056	640	617	633	
2	0	766	1782	3260	675	
3	0	938	7266	3629	7547	675	
1	0	1054	7547	675	
2	0	1154	2240	3344	675	
3	1	2380	102	2917	3031	674	675	
2	0	2390	1907	4525	675	
3	0	2467	6869	3629	7547	675	
2	0	2602	3629	7547	675	
2	0	2633	3629	7547	675	
2	0	2664	3629	7547	675	
2	0	2834	3584	5836	675	
2	1	7547	4969	3031	674	675	
3	0	942	2736	3770	3673	676	
3	1	1894	2761	4862	1021	677	676	
0	1	2380	680	676	
1	1	2467	2056	562	676	
3	0	2552	1563	2574	3673	676	
1	1	3673	2735	677	676	
0	1	4018	678	676	
0	1	5836	685	676	
3	1	2735	1515	2736	942	676	677	
0	1	4018	676	678	
0	1	609	765	704	
0	1	2938	765	704	
0	1	3470	705	704	
0	1	3518	808	704	
3	3	6344	1923	5951	3696	702	556	1925	704	
0	1	3470	704	705	
0	3	2338	712	709	703	706	
0	1	3470	704	706	
0	1	1675	713	720	
0	1	2055	713	720	
0	1	2287	713	720	
0	1	2543	721	720	
0	1	3518	713	720	
2	1	9	4153	2718	724	723	
0	2	1763	721	722	723	
2	2	1894	2761	1812	715	722	723	
0	3	1895	713	720	722	723	
0	2	2143	728	722	723	
2	2	2310	2572	1675	719	722	723	
0	2	3300	719	722	723	
2	2	3469	3337	2755	728	722	723	
0	2	3524	718	722	723	
1	0	3591	1894	723	
0	2	3708	719	722	723	
2	2	4072	4802	1671	721	722	723	
1	0	4487	3708	723	
1	0	6104	1129	723	
1	0	6406	3469	723	
2	2	7744	2429	2917	717	722	723	
2	1	3377	4048	6243	733	734	
0	1	274	844	843	
0	1	2056	844	843	
3	3	6695	457	3718	202	474	842	844	843	
2	3	6712	2050	2055	473	842	844	843	
0	1	7246	844	843	
0	1	162	850	844	
0	1	274	843	844	
0	2	597	845	842	844	
0	2	942	845	842	844	
0	1	2056	843	844	
0	2	3673	845	842	844	
0	2	3956	845	842	844	
0	1	7246	843	844	
0	1	162	844	845	
0	1	274	843	845	
0	1	597	844	845	
0	1	942	844	845	
0	1	2056	843	845	
0	1	3673	844	845	
0	1	3956	844	845	
0	1	162	844	846	
1	1	1675	3956	844	846	
0	2	274	843	1865	849	
2	2	1529	3629	2766	847	1863	849	
0	2	2056	843	1865	849	
0	1	162	844	850	
1	0	463	2574	850	
1	1	2574	3673	844	850	
1	1	3031	2917	867	861	
0	1	597	863	862	
0	1	1675	473	862	
2	1	1797	2574	1763	870	862	
0	1	5836	869	862	
0	3	274	870	862	865	863	
2	0	305	3919	2153	863	
0	2	597	862	865	863	
0	3	2056	870	862	865	863	
2	0	2153	3919	305	863	
0	1	274	863	870	
2	1	1763	2366	1317	864	870	
0	1	2055	865	870	
0	1	2056	863	870	
2	2	6559	5718	2624	480	862	870	
2	2	6712	2050	2055	473	862	870	
0	2	274	863	874	878	
1	1	1675	2624	480	878	
0	2	2056	863	874	878	
1	1	2367	3547	879	878	
3	2	938	7266	3629	1515	867	1939	879	
1	0	1054	7547	879	
0	1	1675	473	879	
1	1	2390	1615	864	879	
0	1	2765	864	879	
1	1	2834	1515	869	879	
2	2	3547	2366	1317	478	878	879	
0	2	3912	867	1939	879	
2	2	3962	3300	305	863	862	879	
2	2	7547	4969	3031	861	1939	879	
0	2	2367	890	1407	960	
3	2	2380	102	2917	3529	745	1407	960	
2	0	2390	1907	4525	960	
0	1	274	1037	1036	
2	1	1797	2574	1763	1037	1036	
0	1	2056	1037	1036	
0	1	274	1036	1037	
0	3	1763	1018	1768	1453	1037	
0	1	2056	1036	1037	
0	3	3377	1018	1768	1453	1037	
2	3	6712	2050	2055	1018	1768	1453	1037	
2	1	303	3629	1515	294	1041	
2	1	1797	2574	3673	542	1041	
3	1	2143	3601	3629	1515	294	1041	
0	1	2367	1057	1041	
1	2	2538	3609	532	539	1041	
2	1	7945	6995	2080	1057	1041	
2	2	2419	3412	4644	164	1166	1101	
0	2	7246	164	1166	1101	
1	1	2367	3547	1048	1103	
0	1	1154	1106	1104	
0	1	3344	1106	1104	
0	1	4018	1106	1104	
1	1	5899	2552	1105	1104	
0	1	162	1106	1105	
0	1	399	1106	1105	
0	3	412	1118	1112	1104	1105	
3	2	1021	4862	2001	2793	532	1104	1105	
0	1	2390	1106	1105	
3	3	2419	3412	3629	1515	294	1451	1104	1105	
1	2	2538	3609	532	1104	1105	
2	2	2552	1563	3590	1049	1104	1105	
2	2	2735	7686	2924	531	1104	1105	
0	1	3912	1106	1105	
0	1	4072	1106	1105	
0	1	4525	1106	1105	
0	1	5836	1106	1105	
0	1	162	1105	1106	
0	1	399	1105	1106	
0	1	1154	1104	1106	
0	1	2390	1105	1106	
0	1	3344	1104	1106	
0	1	3912	1105	1106	
0	1	4018	1104	1106	
0	1	4072	1105	1106	
0	1	4525	1105	1106	
0	1	5836	1105	1106	
0	1	5899	1104	1106	
3	0	938	7266	3629	7547	1114	
2	0	7547	6763	938	1114	
0	2	2367	1056	1112	1117	
0	3	412	1105	539	2448	1118	
3	3	2419	3412	3629	1515	294	539	2448	1118	
3	3	5899	2552	1563	3590	1056	1059	1077	1119	
0	3	161	529	537	2243	1120	
2	1	1797	2575	2119	41	1120	
0	1	597	1191	1190	
2	0	1154	2240	3344	1211	
2	2	2116	2238	878	1202	1185	1211	
