0	2	943	437	2464	167	
2	0	2099	3709	2552	167	
2	1	2552	1563	184	1147	167	
0	3	3518	319	207	1124	167	
2	1	3674	3629	2766	157	167	
2	2	3274	4802	1671	526	2129	168	
0	1	54	373	169	
0	1	504	373	169	
0	1	566	176	169	
0	2	608	174	1155	169	
3	0	1331	3580	3629	1529	169	
0	3	1490	183	177	1487	169	
0	1	1529	373	169	
0	1	1597	176	169	
1	0	1618	89	169	
0	1	1824	373	169	
0	1	1825	373	169	
0	2	2324	181	335	169	
3	0	2579	2762	3629	1529	169	
0	1	2704	373	169	
1	0	2857	566	169	
0	2	2924	174	1155	169	
0	1	4263	373	169	
0	1	5461	176	169	
0	2	5846	174	1155	169	
0	2	6245	174	1155	169	
0	3	6629	182	177	1487	169	
2	2	566	1883	5053	126	1698	170	
1	1	2664	1675	166	170	
1	0	2857	566	170	
2	2	4263	6406	3886	161	2279	170	
0	1	566	169	171	
1	1	2857	566	169	171	
0	1	3518	174	171	
0	1	4263	169	171	
0	1	54	169	172	
0	1	504	169	172	
0	1	1529	169	172	
0	1	1934	173	172	
0	1	2704	169	172	
0	1	42	175	173	
0	1	566	174	173	
0	1	1508	175	173	
0	1	1597	174	173	
0	1	1934	172	173	
0	1	2143	174	173	
0	1	2664	174	173	
0	1	2820	174	173	
1	0	2857	566	173	
0	1	4263	174	173	
0	1	5846	174	173	
0	1	6245	174	173	
0	1	566	171	174	
0	2	608	169	171	174	
0	1	1597	173	174	
0	1	2143	173	174	
3	3	2543	5768	6001	1515	203	2086	172	174	
1	1	2633	2857	171	174	
0	1	2664	173	174	
0	1	2820	173	174	
1	1	2857	566	171	174	
0	2	2924	169	171	174	
0	1	2925	175	174	
0	1	3518	171	174	
0	1	4263	171	174	
0	1	4644	175	174	
0	1	5846	173	174	
0	1	6245	173	174	
0	1	7069	175	174	
0	1	42	173	175	
0	2	163	176	171	175	
0	1	566	171	175	
0	3	581	203	2086	172	175	
1	0	766	1782	175	
1	0	822	3363	175	
0	3	943	203	2086	172	175	
0	1	1508	173	175	
0	1	1597	173	175	
2	2	1743	3590	3591	1225	171	175	
1	0	1782	3260	175	
0	2	1792	176	171	175	
1	0	1821	3891	175	
2	0	2099	3709	2552	175	
3	2	2520	1852	3629	1529	169	171	175	
3	0	2552	1563	3590	1743	175	
1	1	2633	2857	171	175	
0	1	2664	173	175	
0	2	2854	176	171	175	
1	1	2857	566	171	175	
0	1	2925	174	175	
1	1	3020	1508	173	175	
2	3	3023	2781	3469	336	169	171	175	
1	0	3260	1782	175	
0	2	3323	176	171	175	
2	2	3363	3629	1529	169	171	175	
0	2	3364	176	171	175	
0	1	3518	171	175	
3	0	3623	7573	809	3323	175	
2	3	3657	2718	1561	204	2086	172	175	
2	2	3674	3629	1529	169	171	175	
3	2	3683	1852	3629	1529	169	171	175	
1	0	3891	1821	175	
0	2	4018	176	171	175	
0	1	4644	174	175	
0	2	5013	176	171	175	
0	2	5461	169	171	175	
1	3	5736	1561	204	2086	172	175	
0	1	5846	173	175	
0	1	6245	173	175	
0	1	6449	234	175	
1	0	6846	1086	175	
1	2	6997	1824	169	171	175	
0	1	7069	174	175	
1	0	7482	1821	175	
2	0	1529	1823	54	373	
1	0	2857	566	373	
3	3	5846	2865	2572	1675	745	890	1471	413	
2	0	184	5274	1671	431	
2	0	1671	1563	184	431	
2	1	1743	3590	3592	442	443	
3	1	2543	5768	6001	1515	340	444	
1	0	2857	566	444	
3	3	4263	6406	2983	1671	216	2581	341	444	
2	1	3481	1844	906	578	569	
2	0	4644	3412	7069	593	
0	2	7069	698	1499	593	
0	3	44	672	2116	656	606	
3	3	2027	2964	3629	7547	553	559	2382	606	
1	1	2633	2857	582	686	
2	1	4263	6406	3886	670	686	
0	1	4644	582	686	
0	1	7069	582	686	
2	1	2633	3629	1515	697	698	
2	0	4644	3412	7069	698	
2	1	6337	3629	1515	697	698	
0	2	3481	781	1924	700	
3	2	3623	7573	809	2678	778	1924	700	
0	2	4263	781	1924	700	
0	1	4644	698	700	
0	1	7069	698	700	
2	0	42	4676	1508	709	
1	0	766	1782	709	
2	2	1508	4676	6475	716	715	709	
1	0	1782	3260	709	
0	2	2520	17	33	709	
1	0	3260	1782	709	
0	1	6134	714	710	
0	1	7278	714	710	
2	0	184	5274	1671	714	
0	3	876	729	715	712	714	
1	1	1671	1812	713	714	
1	1	2664	1675	713	714	
1	1	3274	6654	713	714	
0	3	3526	729	715	712	714	
0	1	6134	710	714	
0	1	7278	710	714	
0	2	54	729	720	721	
0	2	184	714	720	721	
0	2	566	722	720	721	
2	2	1529	1777	1812	713	720	721	
1	2	1671	1812	713	720	721	
0	2	1763	713	720	721	
0	1	2543	720	721	
1	0	2857	566	721	
2	2	3481	1844	906	713	720	721	
0	1	3518	720	721	
1	2	4263	6406	713	720	721	
2	2	5846	1419	3928	728	720	721	
0	1	566	721	722	
1	1	2857	566	721	722	
0	1	3481	721	722	
0	1	4263	721	722	
0	1	4644	719	722	
0	1	7069	719	722	
0	3	54	779	750	751	757	
0	1	566	758	757	
2	0	1529	1823	54	757	
0	3	1934	781	750	751	757	
3	1	2543	5768	6001	1515	760	757	
1	0	2857	566	757	
0	1	4263	758	757	
0	1	566	757	758	
2	1	2664	3629	1529	757	758	
1	1	2857	566	757	758	
3	3	2925	3371	2983	2633	701	1924	751	758	
0	1	4263	757	758	
3	3	5846	5842	1888	1365	700	1924	751	758	
0	3	6245	781	750	751	758	
0	1	54	779	781	
2	0	184	5274	1671	781	
2	1	566	1883	5053	782	781	
0	1	1529	779	781	
1	1	1671	1812	780	781	
3	3	1763	2366	3484	5522	701	1924	778	781	
0	3	1934	757	750	777	781	
2	2	2664	3629	3258	772	777	781	
1	0	2857	566	781	
0	3	3481	700	1924	778	781	
0	3	4263	700	1924	778	781	
2	1	5846	4956	2735	780	781	
0	3	6245	758	750	777	781	
3	3	2664	1675	2577	3470	704	703	806	808	
0	3	3518	704	703	806	808	
0	3	1145	713	709	703	810	
0	1	2055	820	811	
2	2	2538	3634	788	763	704	811	
0	1	3311	821	822	
0	2	3489	828	816	822	
1	0	2857	566	885	
1	0	2857	566	951	
2	1	1743	3590	3591	993	988	
1	0	2857	566	1084	
3	3	4263	6406	5718	3611	1023	2253	1060	1084	
0	2	2657	1062	1448	1085	
0	2	5013	1086	1448	1085	
0	2	5013	1085	1083	1086	
3	1	2854	3118	3337	2755	1062	1087	
2	2	2664	3629	3258	1186	1187	1189	
1	0	2857	566	1189	
3	3	3481	1844	3745	2116	1211	1186	1187	1189	
0	2	2854	1127	2508	1240	
0	2	5461	129	2507	1240	
