0	1	133	30	32	
0	1	202	30	32	
0	1	296	30	32	
0	1	413	30	32	
0	1	530	30	32	
0	1	823	30	32	
2	0	1154	2240	3344	32	
0	1	1675	22	32	
0	1	1749	30	32	
1	1	1812	1671	30	32	
2	0	1937	1594	230	32	
0	1	2080	30	32	
0	1	2116	30	32	
0	1	2409	30	32	
1	1	2420	2938	22	32	
1	1	2565	1812	30	32	
0	2	2751	33	1807	32	
0	1	2765	30	32	
0	1	2766	30	32	
0	1	3069	30	32	
1	1	3274	1538	30	32	
0	1	3368	30	32	
0	1	3388	30	32	
0	1	3966	30	32	
1	1	6515	1749	30	32	
0	1	7468	30	32	
0	1	7783	30	32	
0	3	35	26	1905	24	34	
3	3	133	4298	2937	2419	26	1905	24	34	
0	3	202	30	20	16	34	
2	2	226	2738	1974	35	24	34	
0	3	296	30	20	16	34	
0	1	412	27	34	
2	0	413	2354	2420	34	
2	2	418	3629	1529	20	16	34	
2	0	499	4298	133	34	
0	3	530	30	20	16	34	
0	2	590	35	24	34	
2	0	793	3307	1303	34	
0	3	823	30	20	16	34	
0	2	944	35	24	34	
2	0	1303	3307	793	34	
2	2	1497	1671	687	20	16	34	
3	2	1513	3663	3629	1529	20	16	34	
2	1	1515	2736	942	16	34	
2	2	1562	3629	1529	20	16	34	
1	1	1675	3956	16	34	
2	2	1749	3629	1529	20	16	34	
0	3	1864	30	20	16	34	
2	2	1990	2917	3031	20	16	34	
3	2	2028	1758	3629	1529	20	16	34	
1	1	2040	4525	16	34	
1	0	2116	3458	34	
2	2	2344	3629	1529	20	16	34	
1	0	2367	3547	34	
0	2	2409	35	24	34	
0	1	2419	27	34	
1	0	2420	2466	34	
3	2	2421	3410	3629	1529	20	16	34	
2	2	2466	3629	1529	20	16	34	
3	2	2689	2521	1671	687	20	16	34	
3	2	2748	6375	3721	6850	21	16	34	
2	2	2766	3629	1529	20	16	34	
0	2	2899	35	24	34	
2	2	2941	5133	220	20	16	34	
0	3	3069	30	20	16	34	
1	1	3274	2390	16	34	
2	2	3317	3629	1529	20	16	34	
3	1	3368	3915	4914	2390	16	34	
2	0	3388	1680	2466	34	
1	0	3458	2116	34	
2	2	3547	3629	1529	20	16	34	
2	2	3679	4790	1923	20	16	34	
0	3	3966	30	20	16	34	
0	3	5027	26	1905	24	34	
3	3	6481	2346	3118	296	30	20	16	34	
2	2	6657	3629	1529	20	16	34	
2	2	6712	2050	2055	21	16	34	
0	3	7468	30	20	16	34	
0	3	7783	30	20	16	34	
0	3	7789	26	1905	24	34	
2	0	1812	3728	2344	43	
3	1	1831	4738	5951	1675	47	43	
2	1	2080	3629	3050	100	43	
2	1	2344	3634	44	99	43	
3	3	2408	4534	5214	1671	97	1480	45	43	
3	0	3388	1680	2565	1812	43	
0	1	6515	46	43	
3	0	64	1591	3629	3590	44	
2	0	1607	3101	84	44	
2	0	2080	3629	3590	44	
2	1	2116	2516	2924	41	44	
0	1	2143	41	44	
0	3	2902	534	2243	2150	44	
2	1	3590	7686	297	41	44	
0	1	7459	41	44	
2	0	7467	1606	1607	44	
0	3	7650	534	2243	2150	44	
0	1	230	1252	215	
2	0	1607	3101	84	215	
0	1	1937	1252	215	
3	2	1831	4738	5951	1675	77	310	313	
0	1	2008	310	313	
2	0	413	2354	2420	314	
2	1	418	3629	1671	102	314	
3	1	499	4298	3898	1671	102	314	
3	1	944	2721	3629	1671	102	314	
0	1	1154	105	314	
0	1	1490	118	314	
2	1	1529	3629	1671	102	314	
1	3	1533	2715	114	1481	106	314	
1	1	1812	1671	102	314	
2	1	2080	3629	1671	102	314	
2	1	2116	1811	2617	102	314	
0	1	2344	318	314	
0	1	2366	102	314	
3	1	2419	3412	2001	1671	102	314	
1	0	2420	2466	314	
2	1	2466	3629	1671	102	314	
2	1	2689	2521	1671	102	314	
1	0	2843	6728	314	
1	1	3274	1538	117	314	
0	1	3344	105	314	
3	3	3368	3914	2178	43	109	1481	48	314	
2	1	3679	4790	1923	119	314	
0	1	6695	316	314	
1	0	6728	2685	314	
2	2	195	2988	6337	310	62	315	
2	2	1529	3629	3050	64	62	315	
1	1	2565	1812	81	315	
2	0	413	2354	2420	425	
3	0	418	3629	1768	2420	425	
3	0	944	5411	1768	2420	425	
2	0	1154	2240	3344	425	
3	0	2116	7814	3118	296	425	
1	0	2420	2466	425	
3	0	2466	2178	1946	2420	425	
2	0	3388	1680	2466	425	
3	0	3679	5411	1768	2420	425	
2	2	195	4044	4471	1185	1197	684	
3	0	1068	3584	3629	1529	684	
2	0	1529	1823	54	684	
2	1	1829	2377	2419	1197	684	
2	0	2378	3629	1529	684	
3	2	6515	2012	3372	6406	424	2024	684	
2	2	1607	1606	4161	900	912	909	
2	2	1812	3138	2766	898	912	909	
3	3	2116	7814	6946	1675	913	916	930	932	
3	3	2367	3547	3584	5836	892	916	930	932	
0	3	3328	937	916	930	932	
3	2	2941	3629	2574	1763	1018	1768	1030	
0	2	3328	166	1145	1146	
2	2	3388	1680	1817	146	1145	1146	
2	2	6712	2050	2055	1142	1145	1146	
3	1	64	1591	3629	2766	157	1147	
0	3	131	1161	1124	157	1147	
2	0	184	5274	1671	1147	
2	0	195	2985	2116	1147	
3	1	226	2738	3629	2766	157	1147	
0	3	273	1148	1124	157	1147	
2	0	413	2354	2420	1147	
2	1	418	3629	2766	157	1147	
3	0	499	4298	3898	1671	1147	
2	0	700	2106	3061	1147	
2	0	715	3151	6640	1147	
2	0	766	1782	3260	1147	
2	0	793	3307	3590	1147	
3	1	944	2721	3629	2766	157	1147	
3	1	1068	3584	2366	530	157	1147	
2	1	1386	3629	2766	157	1147	
2	1	1529	3629	2766	157	1147	
2	1	1671	3629	2766	157	1147	
0	3	1742	1161	1124	157	1147	
2	0	1990	2917	2466	1147	
3	1	2027	2964	3629	2766	157	1147	
3	1	2028	1758	3629	2766	157	1147	
2	1	2080	3629	2766	157	1147	
1	0	2116	3458	1147	
2	1	2344	3629	2766	157	1147	
3	1	2367	3547	2366	530	157	1147	
3	0	2408	4534	5214	1671	1147	
3	1	2419	3412	3629	2766	157	1147	
1	0	2420	2466	1147	
3	1	2421	3410	3629	2766	157	1147	
2	1	2466	3629	2766	157	1147	
1	0	2522	3061	1147	
2	1	2565	3629	2766	157	1147	
2	0	2689	2521	1671	1147	
2	1	2941	3629	2766	157	1147	
1	0	3015	3590	1147	
2	0	3061	1680	2466	1147	
1	0	3274	3590	1147	
3	3	3368	3914	2178	3020	437	2464	157	1147	
2	0	3388	1680	2466	1147	
1	0	3458	2116	1147	
3	2	3516	1797	2574	1763	223	157	1147	
2	1	3555	2366	530	157	1147	
2	1	3590	3629	2766	157	1147	
2	0	3679	2937	2419	1147	
2	1	3688	3629	2766	157	1147	
3	2	6481	2346	3118	2854	1124	157	1147	
2	0	6640	2317	715	1147	
2	3	6712	2050	2055	1154	167	157	1147	
3	3	7467	1606	2001	2793	437	2464	157	1147	
